,id,age,gender,height,weight,ap_hi,ap_lo,cholesterol,gluc,smoke,alco,active,cardio
228,314,17489,2,183,98.0,160,1100,1,2,1,0,1,1
241,334,21932,2,157,60.0,160,1000,2,1,0,0,0,1
260,357,18217,1,150,83.0,140,800,1,1,0,0,1,1
329,458,23407,1,176,63.0,160,1000,2,2,0,0,0,1
345,482,18704,1,154,81.0,140,1000,2,1,0,0,1,1
473,680,15226,1,150,95.0,150,1033,1,1,0,0,1,1
559,805,20430,2,173,101.0,200,1000,1,1,0,0,1,1
613,886,18963,1,165,92.0,140,1000,1,1,1,0,1,1
649,928,18190,1,166,57.0,190,1100,1,1,0,0,1,1
653,932,21842,1,156,72.0,180,1000,2,1,0,0,0,1
719,1015,23407,2,170,74.0,140,1000,1,1,0,0,1,1
881,1229,17405,2,170,84.0,150,1100,1,1,1,0,0,1
1000,1389,21043,2,168,82.0,160,1000,2,1,0,0,0,1
1033,1438,15906,1,167,71.0,150,1001,2,1,0,0,1,1
1074,1494,21107,2,169,76.0,140,1000,3,3,1,0,1,1
1092,1519,20344,1,152,55.0,140,1000,3,3,0,0,1,1
1281,1803,23578,2,169,86.0,130,1000,1,1,0,0,1,1
1493,2110,15283,1,153,49.0,170,1000,2,1,0,0,1,1
1522,2148,21179,2,171,68.0,140,1000,2,1,0,0,0,1
1575,2231,18958,1,172,68.0,170,1200,1,1,0,0,1,1
1614,2285,14369,2,170,79.0,150,1100,1,1,0,0,0,1
1632,2307,20588,2,160,55.0,180,1000,1,1,0,0,1,1
1702,2401,17403,1,161,109.0,160,1000,2,1,0,0,1,1
1798,2542,22477,1,158,93.0,180,1000,1,1,0,0,1,1
1906,2694,15109,1,166,77.0,160,1000,1,2,1,0,1,0
2069,2928,21831,1,162,68.0,160,1100,1,1,0,0,1,1
2142,3026,15384,2,174,113.0,210,1100,1,1,0,0,1,1
2243,3164,23356,2,165,85.0,180,1100,3,1,0,0,1,1
2251,3173,23253,2,172,120.0,170,1100,2,1,0,0,1,1
2259,3183,20454,1,155,87.0,150,1000,1,1,0,0,1,1
2301,3242,22435,1,158,105.0,160,1000,3,3,0,0,1,1
2381,3352,20994,2,186,105.0,140,10000,1,1,0,0,1,1
2411,3396,22017,1,166,117.0,170,1000,2,1,0,0,1,1
2423,3415,21208,1,165,72.0,160,1001,2,1,0,0,0,1
2495,3524,18933,1,148,62.0,150,1000,1,1,0,0,1,1
2592,3660,21220,2,174,103.0,140,1000,1,1,1,0,1,1
2656,3742,17429,2,184,97.0,150,1000,1,1,0,1,1,1
2690,3794,23448,1,153,100.0,140,1000,1,3,0,0,1,1
2699,3806,22635,1,158,70.0,130,1000,1,2,0,0,0,0
2715,3830,14297,2,175,70.0,150,1000,1,1,0,0,1,1
2779,3917,21231,1,162,95.0,170,1000,3,3,0,0,1,1
2802,3948,18752,2,172,91.0,170,1200,1,1,0,0,0,1
2899,4082,21156,1,168,84.0,190,1000,3,1,0,0,0,1
2955,4166,18247,1,163,88.0,130,1000,1,1,0,0,1,1
2985,4208,20398,1,168,78.0,140,8044,3,3,0,0,0,1
3145,4442,22678,1,149,71.0,159,1044,1,1,0,0,1,0
3160,4463,18790,1,146,64.0,150,1000,1,1,0,0,1,1
3294,4640,21965,2,161,61.0,160,1000,1,1,0,0,0,1
3313,4672,17545,1,155,155.0,160,1000,1,1,0,0,1,1
3446,4879,20481,1,156,123.0,160,1000,1,1,0,0,1,1
3488,4938,20712,1,155,71.0,150,1100,1,1,0,0,0,1
3600,5100,19846,1,157,60.0,140,1000,3,1,0,0,0,1
3641,5154,19699,1,156,84.0,150,1100,1,1,0,0,1,1
3753,5307,23389,1,166,59.0,150,1000,1,1,0,0,1,1
3869,5476,14707,1,160,78.0,160,1100,1,1,0,0,1,1
3986,5647,20359,2,175,92.0,140,1000,1,1,0,0,1,1
4158,5876,19671,2,171,87.0,150,1000,1,1,0,0,1,1
4165,5885,16580,2,162,76.0,140,1100,1,1,0,0,0,0
4178,5901,15115,1,170,66.0,160,1100,3,1,0,0,1,1
4282,6040,20374,1,155,56.0,150,1000,1,1,0,0,1,1
4356,6151,23154,2,168,76.0,160,1000,3,3,0,0,1,1
4424,6255,22569,2,165,65.0,180,1000,3,3,1,0,1,1
4571,6472,18236,1,168,130.0,180,1100,1,1,0,0,0,1
4573,6475,21178,1,164,108.0,160,1000,1,1,0,0,0,1
4702,6661,17998,2,164,90.0,130,1000,2,1,0,0,0,0
5147,7318,21206,2,170,80.0,160,1000,1,1,0,0,1,1
5212,7410,20456,2,171,59.0,170,1000,1,1,0,0,1,1
5269,7498,18782,1,152,52.0,180,1000,1,1,0,0,1,1
5306,7550,23300,1,154,89.0,150,1000,3,1,0,0,0,1
5328,7584,18329,1,162,74.0,150,1000,1,1,1,0,1,1
5334,7591,18994,2,182,96.0,150,1000,2,1,0,0,1,0
5360,7630,22731,1,151,68.0,150,1000,1,1,0,0,1,1
5397,7673,20315,1,157,66.0,160,1000,3,1,0,0,1,1
5445,7736,20562,1,151,67.0,190,1000,2,1,0,1,1,1
5581,7925,20349,2,176,80.0,160,1000,2,1,0,1,1,1
5622,7986,20997,1,161,71.0,160,1100,1,1,0,0,1,1
5701,8112,23454,1,150,71.0,140,1000,1,1,0,0,0,0
5856,8305,17407,1,165,68.0,140,1000,1,1,0,0,1,1
5874,8334,21813,2,167,98.0,150,1000,1,1,0,0,1,1
5901,8385,15211,1,154,72.0,160,1000,1,1,0,1,1,1
5957,8459,21306,1,155,65.0,150,1000,1,1,0,0,1,1
6006,8532,22836,1,158,81.0,140,1000,3,1,0,0,1,1
6030,8567,16143,2,165,55.0,140,1000,1,1,0,0,0,1
6081,8641,17555,1,170,90.0,170,1100,2,1,0,0,1,1
6181,8799,16129,1,156,90.0,140,1000,1,1,0,0,1,1
6279,8936,17312,2,175,88.0,140,1000,1,1,0,0,1,1
6300,8967,20260,1,169,95.0,180,1100,1,2,0,0,1,1
6426,9143,22101,1,150,82.0,150,1000,2,3,0,0,1,1
6452,9176,20471,1,153,77.0,150,1000,1,1,0,0,1,1
6498,9245,23263,2,174,85.0,160,1000,2,1,0,0,0,1
6508,9257,18101,1,155,89.0,160,1000,3,3,0,0,1,1
6556,9334,19494,1,155,65.0,150,1100,1,1,0,0,1,0
6618,9436,22589,1,160,65.0,130,1000,1,1,0,0,1,1
6653,9482,19528,1,162,69.0,130,9100,1,1,0,0,1,1
6695,9548,21167,1,156,53.0,178,1033,2,2,0,0,1,1
6733,9604,20260,1,152,92.0,150,1100,3,1,0,0,0,1
6810,9705,21732,1,153,123.0,140,1000,1,1,0,0,1,1
6960,9933,18874,2,180,103.0,140,1000,1,1,0,0,1,1
6967,9943,18952,1,162,92.0,150,1000,1,1,0,0,1,1
7080,10089,23305,1,154,60.0,150,1100,1,1,0,0,1,1
7258,10351,21861,1,162,68.0,160,1000,1,1,0,0,1,1
7267,10361,15133,2,171,80.0,140,1000,2,1,0,0,1,0
7425,10585,20281,2,165,86.0,150,1100,3,1,0,0,1,1
7465,10644,22679,1,154,84.0,140,902,1,1,0,0,1,0
7499,10694,21898,2,158,64.0,200,1200,2,2,1,0,1,1
7549,10770,20962,1,162,78.0,160,1100,1,1,0,0,1,1
7682,10968,15783,1,158,105.0,160,1000,1,1,0,0,1,1
7683,10970,23246,2,182,89.0,140,1000,2,1,0,0,1,1
7696,10988,18760,1,165,70.0,170,1100,1,1,0,0,0,1
7706,11003,23312,1,156,100.0,165,1100,3,1,0,0,1,1
7707,11005,20325,1,155,72.0,120,1000,2,1,1,0,1,1
7752,11068,21667,2,176,97.0,140,1000,3,1,1,0,1,1
7763,11089,21032,1,175,80.0,11500,90,1,1,0,0,1,1
7781,11121,19526,2,173,91.0,150,1000,2,2,0,0,1,1
7962,11368,15178,2,178,95.0,190,1000,1,1,0,0,1,1
8343,11911,16052,1,166,86.0,165,1008,1,1,0,0,1,0
8396,11985,19746,1,156,95.0,180,1100,2,1,0,0,1,1
8451,12062,21036,1,166,80.0,160,1200,1,1,0,0,1,1
8489,12114,17088,1,150,67.0,135,1000,1,1,0,0,1,0
8623,12306,20621,1,156,70.0,130,1000,2,2,0,0,1,1
8664,12367,23576,1,162,93.0,140,1000,2,1,0,0,1,1
8709,12426,22611,2,165,75.0,150,1000,1,1,0,0,1,1
8757,12494,16905,2,163,63.0,1,2088,1,1,1,0,1,0
8855,12626,14307,1,165,65.0,120,802,1,1,0,0,0,1
8902,12692,22743,2,188,120.0,160,1000,1,1,0,0,1,0
8985,12809,21102,1,150,45.0,147,1000,1,1,0,0,1,0
9069,12930,15889,2,181,95.0,150,1100,1,1,0,0,1,0
9164,13065,23408,1,169,85.0,150,1000,1,1,0,0,1,0
9165,13066,19078,1,165,71.0,120,8000,1,1,0,0,1,1
9183,13090,21032,1,168,70.0,150,1000,1,1,0,0,0,1
9260,13194,19085,2,167,78.0,150,1000,3,1,1,0,1,1
9271,13209,20964,1,162,72.0,160,1000,1,1,0,0,1,1
9313,13267,22707,1,175,75.0,150,1000,3,3,0,0,1,1
9409,13413,20242,1,169,69.0,130,1000,1,1,0,0,1,1
9445,13463,15189,1,148,66.0,180,1100,1,1,0,0,1,1
9463,13486,23118,2,170,63.0,180,1000,3,1,0,0,1,1
9603,13691,22482,2,120,68.0,150,1000,2,1,0,0,0,1
9694,13828,21361,1,169,103.0,160,1000,3,1,0,0,1,1
9727,13874,16015,2,167,112.0,150,1000,1,1,0,0,0,1
9794,13969,21092,1,152,58.0,150,1000,1,1,0,0,0,1
9941,14177,20407,2,168,76.0,180,1000,2,1,0,0,1,1
10006,14269,21401,2,172,76.0,150,1000,1,1,0,0,1,1
10075,14367,20627,1,149,78.0,180,1100,2,1,0,0,1,1
10144,14462,16741,1,155,100.0,136,1022,3,3,0,1,1,1
10194,14538,20464,2,169,79.0,130,1000,1,1,0,0,1,1
10238,14605,19710,2,170,95.0,150,1000,3,1,0,0,1,0
10258,14641,15252,2,172,81.0,150,1000,1,1,1,0,1,0
10321,14728,20225,1,165,65.0,120,850,1,1,0,0,0,1
10329,14744,22534,2,173,72.0,190,1000,3,3,0,0,1,1
10511,15007,20985,1,165,68.0,150,1000,1,1,0,0,1,0
10515,15014,19642,1,170,140.0,160,1000,1,1,0,0,1,1
10731,15343,19878,1,160,90.0,150,1000,2,2,0,0,1,1
10796,15440,18858,1,163,97.0,190,1000,3,1,0,0,1,1
10857,15529,19558,1,164,85.0,160,708,1,1,0,0,1,0
10920,15623,22420,1,164,61.0,170,1000,3,3,0,0,1,1
11006,15752,22789,2,170,58.0,160,1000,1,1,0,0,1,1
11207,16025,19022,2,168,69.0,140,1000,3,3,0,0,1,1
11258,16105,16155,2,173,92.0,150,1000,1,1,1,0,0,0
11319,16187,23256,2,175,94.0,130,1100,1,1,0,0,1,1
11617,16607,18452,1,158,91.0,170,1000,2,1,0,0,1,1
11620,16610,18824,1,160,79.0,140,1100,2,1,0,0,1,0
11882,16973,21269,2,174,87.0,140,1000,2,1,0,0,1,1
11966,17087,21985,2,172,125.0,170,1000,1,1,0,0,1,1
12029,17168,21072,2,169,54.0,140,1000,1,1,1,0,1,0
12086,17260,21466,2,169,78.0,130,9011,1,1,1,1,1,1
12310,17575,20489,1,161,93.0,142,1011,3,1,0,0,1,0
12495,17841,15991,1,158,64.0,150,1000,1,1,0,0,1,1
12599,17986,21325,1,165,92.0,150,1000,1,1,0,0,1,0
12719,18148,17619,1,152,81.0,160,1000,1,1,0,0,1,1
12731,18167,20537,1,163,84.0,150,1000,1,1,1,0,1,1
12748,18188,23245,1,158,70.0,150,1000,1,1,0,0,1,1
13092,18676,23273,1,158,75.0,140,1000,1,1,1,0,1,1
13129,18728,23150,1,156,91.0,140,1000,2,1,0,0,0,1
13288,18962,22593,1,166,82.0,160,1000,3,3,0,0,1,1
13327,19020,21265,1,178,78.0,160,1100,1,1,0,0,0,1
13366,19079,23353,1,165,68.0,160,1000,1,1,0,0,1,1
13378,19095,22014,1,160,84.0,140,1100,3,3,0,0,1,1
13385,19105,21492,1,165,62.0,150,1000,1,1,0,0,1,1
13399,19129,15001,2,178,117.0,180,1100,2,1,1,1,0,0
13447,19191,21159,2,168,68.0,150,1000,1,1,0,0,1,1
13456,19206,19146,1,168,69.0,140,1000,1,1,0,0,1,1
13494,19265,16043,2,176,74.0,150,1000,2,1,0,0,1,1
13533,19323,23203,1,155,75.0,150,1000,2,1,0,0,0,1
13637,19466,20969,2,177,84.0,150,1007,1,1,0,0,1,1
13686,19536,21962,1,159,91.0,160,1001,1,1,0,0,1,1
13762,19644,21275,2,172,73.0,145,1000,2,1,0,0,1,1
14029,20013,19102,1,162,72.0,140,1000,1,1,0,0,1,1
14036,20023,19170,2,162,59.0,160,1000,1,1,0,0,1,1
14096,20113,21769,2,177,88.0,181,1177,1,1,0,0,1,1
14146,20198,18038,2,180,99.0,180,1000,1,1,0,0,0,1
14182,20253,22846,1,160,99.0,160,1000,1,2,0,0,1,1
14194,20267,17317,2,176,108.0,140,1000,2,2,0,0,1,0
14241,20336,18949,1,157,98.0,170,1177,1,1,1,1,1,0
14308,20438,18381,1,160,70.0,160,7100,1,1,0,1,1,1
14397,20566,21460,1,159,68.0,140,1000,2,1,0,0,1,1
14671,20966,22701,1,157,64.0,170,1000,1,1,0,0,1,1
14682,20978,23353,1,160,70.0,160,1100,1,1,0,0,1,0
15042,21506,20651,1,152,74.0,170,1000,1,1,0,0,1,1
15071,21550,21840,2,176,100.0,140,1000,1,1,0,0,1,1
15077,21558,16780,1,155,70.0,150,1000,1,1,0,0,1,1
15136,21640,21891,1,164,97.0,150,1000,3,1,0,0,1,1
15177,21702,18988,2,187,85.0,160,1000,2,3,1,0,1,1
15229,21769,21319,1,155,100.0,150,1000,1,1,0,0,1,0
15396,22000,18179,2,180,91.0,140,1000,2,1,0,0,1,1
15421,22036,16291,2,170,65.0,180,1100,1,1,0,0,1,1
15467,22101,18140,1,151,70.0,150,1000,1,2,0,0,1,1
15486,22128,18360,2,166,73.0,150,1000,3,2,0,0,1,1
15487,22129,22444,2,164,65.0,150,1100,1,1,0,0,1,1
15578,22259,18285,1,170,100.0,165,1000,1,1,0,0,1,1
15587,22270,15942,1,164,103.0,150,1000,2,1,0,0,1,1
15764,22516,17309,1,167,82.0,140,1000,1,1,1,0,1,1
15860,22648,19757,1,160,87.0,180,1100,1,1,0,0,1,1
15920,22732,22623,2,171,69.0,140,1000,1,1,0,0,1,1
15959,22787,18793,1,156,66.0,160,1100,1,1,0,0,1,0
15990,22832,14508,2,179,70.0,120,8500,1,1,0,0,1,0
16017,22873,20522,1,159,58.0,160,1100,1,1,0,0,1,0
16048,22912,22492,2,182,85.0,160,1000,1,1,0,0,0,1
16227,23183,18971,1,147,83.0,180,1000,1,1,0,0,1,1
16466,23523,20603,1,165,62.0,120,800,1,1,0,0,1,1
16500,23572,19123,2,171,91.0,150,1000,1,1,1,0,0,1
16530,23617,18043,2,172,110.0,160,1000,2,2,1,0,1,1
16732,23913,19692,1,161,102.0,170,1100,3,1,0,0,0,1
17051,24365,22493,1,153,61.0,140,1100,1,1,0,0,1,0
17070,24391,18975,1,161,87.0,180,1200,1,1,0,0,1,1
17178,24550,22807,2,180,80.0,190,1000,1,1,1,0,0,1
17203,24584,20394,1,165,69.0,150,1000,1,1,0,0,0,1
17266,24671,20316,2,178,102.0,160,1000,1,1,0,0,1,0
17298,24713,15835,1,165,72.0,180,1000,1,1,0,0,0,1
17373,24824,18979,1,157,69.0,112,800,1,1,0,0,1,1
17438,24912,20992,2,176,95.0,168,1110,2,2,0,0,1,1
17448,24928,19012,1,160,92.0,160,1000,1,1,0,1,1,1
17480,24978,22073,1,152,57.0,140,1000,1,1,0,0,1,1
17658,25232,16507,1,158,102.0,180,1000,3,3,0,0,1,1
17738,25348,19573,1,151,57.0,140,8099,1,1,0,0,0,0
17792,25422,22418,1,150,69.0,160,1000,1,1,0,0,0,0
17825,25474,22522,1,156,80.0,164,1088,1,1,0,0,1,1
17926,25619,18186,1,158,68.0,160,1000,1,1,0,0,1,1
18085,25829,18362,1,157,61.0,158,1077,1,1,0,1,1,1
18157,25929,23515,1,162,80.0,160,1000,1,1,0,0,1,1
18164,25947,22542,2,180,107.0,160,1000,1,1,0,0,1,1
18168,25958,20496,1,150,63.0,150,1100,3,1,0,0,1,1
18198,25994,19852,2,168,110.0,180,1120,3,2,0,0,1,1
18208,26008,21989,2,179,120.0,180,1000,1,1,0,0,1,1
18250,26066,20388,1,155,64.0,150,1000,3,1,0,0,1,1
18263,26084,15988,1,165,78.0,150,1000,2,1,0,0,1,1
18324,26168,22443,1,158,96.0,130,1000,3,1,0,0,1,1
18329,26175,22441,1,152,78.0,160,1000,1,1,0,0,0,1
18375,26237,21364,1,168,70.0,150,1100,1,1,0,0,1,1
18426,26309,22363,2,164,95.0,160,1000,1,1,0,0,1,1
18450,26347,20645,1,157,75.0,140,1100,3,1,0,0,0,1
18452,26349,20215,1,158,78.0,160,1000,3,1,0,0,1,1
18543,26481,15330,2,168,65.0,160,1000,1,1,0,1,1,0
18578,26527,21026,1,161,80.0,140,1000,2,3,0,0,0,1
18728,26746,16626,1,162,98.0,140,1100,1,1,0,0,1,1
18753,26784,19052,1,176,90.0,160,1000,3,1,0,0,1,1
18823,26875,18420,1,169,110.0,160,1000,3,3,0,0,1,1
18873,26950,21045,2,164,91.0,160,1100,2,1,1,0,1,1
18891,26975,20523,2,185,98.0,150,1000,2,1,0,0,1,1
18930,27026,19666,1,155,79.0,160,1000,3,3,0,0,1,1
18980,27102,20351,2,168,70.0,150,1000,1,1,0,0,1,1
19014,27149,18991,1,170,76.0,140,1000,3,3,0,0,1,0
19171,27384,19639,2,176,93.0,140,1000,3,1,0,0,1,1
19295,27564,22659,2,168,77.0,160,1000,1,1,0,0,1,1
19316,27597,20334,2,168,73.0,160,1100,1,1,0,0,1,1
19357,27654,19568,1,169,71.0,150,1000,1,1,0,0,1,1
19360,27659,23509,1,152,54.0,160,1000,3,3,0,0,1,1
19458,27794,21735,1,155,75.0,170,1100,1,1,0,0,1,1
19529,27896,21794,1,163,72.0,160,1100,3,1,0,0,1,0
19831,28314,21203,1,162,89.0,150,1125,2,1,0,0,1,1
19916,28435,22645,1,160,60.0,120,850,1,1,0,0,1,1
19923,28444,20922,2,168,75.0,160,1000,1,1,0,0,1,1
19969,28522,23224,1,147,70.0,170,1000,2,1,0,0,1,1
20018,28592,18034,2,186,86.0,150,1000,1,1,0,0,1,1
20019,28593,23278,1,148,62.0,180,1000,2,1,0,0,1,1
20026,28602,22531,2,162,64.0,190,1000,1,1,1,0,0,1
20065,28652,21008,2,161,69.0,140,1000,1,1,0,0,1,1
20179,28809,21091,1,175,114.0,150,1000,2,2,0,0,0,0
20469,29218,18427,2,176,87.0,150,1008,2,1,0,1,1,1
20500,29257,19795,2,161,65.0,180,1000,1,1,0,1,0,1
20516,29284,18891,1,153,80.6,160,1000,1,1,0,0,0,1
20603,29401,21055,1,161,70.0,160,1000,2,1,0,0,1,1
20744,29615,19497,2,179,77.0,140,1000,3,3,0,0,1,1
20771,29653,16175,1,162,76.0,180,1000,1,1,0,0,0,1
20791,29686,18818,1,160,78.0,160,1000,2,2,0,1,1,1
20882,29821,19121,1,155,81.0,160,8100,1,1,0,0,1,1
20900,29848,20594,2,167,68.0,140,1100,2,1,0,0,1,0
21039,30052,17522,1,161,90.0,140,1100,1,1,0,0,1,1
21044,30059,23266,2,187,85.0,130,1000,1,1,0,0,1,1
21218,30309,21025,1,168,90.0,140,1000,1,1,0,0,1,1
21249,30356,16212,1,173,78.0,110,710,1,1,0,0,1,0
21300,30425,21844,1,165,96.0,180,1100,2,2,0,0,1,1
21338,30483,15252,1,154,48.0,140,1000,1,1,0,0,1,1
21339,30484,18875,1,164,63.0,140,1100,1,1,0,0,1,1
21493,30706,21363,2,171,69.0,160,1000,1,1,0,0,1,1
21507,30727,18974,2,168,76.0,140,1000,1,1,0,0,1,1
21657,30931,16867,1,160,70.0,160,1000,3,1,0,0,1,1
21848,31207,18820,1,158,58.0,150,1000,3,3,0,0,0,1
21876,31250,18238,2,178,93.0,170,1000,1,1,0,0,1,1
21882,31260,21005,1,151,61.0,180,1000,1,1,0,0,1,1
21930,31327,19666,2,176,114.0,180,1000,1,1,0,0,1,1
21935,31335,21174,2,166,64.0,200,1000,3,3,0,0,1,1
22095,31563,16012,1,168,121.0,140,1000,1,1,0,0,1,1
22153,31645,20250,1,159,60.0,160,1100,2,1,0,0,1,1
22248,31790,18027,1,156,55.0,120,800,1,1,0,0,1,0
22563,32237,20498,1,171,72.0,190,1200,1,1,0,0,1,1
22569,32247,18258,1,156,114.0,180,1200,3,3,0,0,1,1
22599,32286,20257,2,176,100.0,160,1110,1,2,0,0,1,1
22661,32371,22612,1,162,75.0,150,1000,3,3,0,0,0,1
22710,32437,22735,2,160,72.0,160,1100,1,1,1,0,1,1
22764,32517,19809,1,162,63.0,150,800,1,1,0,0,1,1
22774,32530,19146,2,182,89.0,140,1000,1,1,0,0,1,1
22825,32601,20650,1,154,70.0,130,1000,1,1,0,0,1,1
22858,32649,23441,1,162,73.0,150,1000,1,1,0,1,1,1
22900,32710,20261,1,167,83.0,130,1000,2,1,0,0,1,1
23003,32865,19494,1,161,111.0,170,1000,3,1,0,0,1,1
23069,32959,15262,1,151,67.0,160,1000,1,1,0,0,1,0
23120,33019,18260,2,174,68.0,180,1000,2,1,0,0,1,1
23185,33124,21252,2,175,78.0,160,1008,1,1,0,0,1,1
23230,33191,19932,2,170,70.0,112,5700,1,2,0,0,1,1
23284,33265,15314,1,160,60.0,180,1000,1,1,0,0,1,0
23372,33390,21992,2,173,70.0,170,1100,1,1,1,0,1,1
23450,33505,14680,2,163,73.0,150,1000,1,1,0,0,1,1
23502,33580,19746,2,169,64.0,120,8079,1,1,0,0,0,0
23598,33725,19641,1,154,76.0,150,1100,1,1,0,0,1,0
23849,34098,18102,2,169,86.0,150,10000,2,2,0,1,1,1
24087,34426,21296,2,177,98.0,150,1000,2,1,0,0,1,1
24101,34445,18493,1,160,63.0,160,1000,2,1,0,0,1,1
24250,34645,21758,1,160,112.0,120,1000,1,1,0,0,1,1
24325,34758,22435,2,158,60.0,160,1000,1,1,0,0,1,1
24459,34931,19822,2,180,99.0,160,1000,1,1,0,0,1,1
24528,35025,18373,1,165,85.0,180,1110,1,1,0,0,1,0
24558,35063,23245,2,170,77.0,140,1000,1,1,0,0,1,1
24598,35116,16928,2,180,98.0,150,1100,1,1,1,0,1,1
24631,35169,19004,1,162,70.0,150,1000,1,1,0,0,1,1
24818,35443,18138,2,183,85.0,150,1000,2,2,0,0,1,0
24895,35554,19549,1,160,65.0,180,1000,1,2,0,0,0,1
24915,35585,20498,2,177,88.0,150,1000,2,1,1,0,1,1
24970,35670,21133,1,156,80.0,140,1000,3,1,0,0,1,0
25137,35894,19020,2,174,74.0,130,1000,1,1,0,0,1,1
25359,36200,17672,1,165,70.0,140,1000,1,1,0,0,1,1
25464,36339,15835,2,169,75.0,14020,80,2,1,0,0,1,1
25465,36340,20196,1,168,68.0,190,1000,1,1,0,0,1,1
25467,36343,19543,1,160,96.0,150,1000,2,1,0,0,1,1
25484,36367,21390,2,170,78.0,155,1111,1,1,1,0,1,1
25519,36414,21361,1,169,71.0,14020,80,3,3,0,0,1,1
25554,36474,15351,1,155,94.0,160,1110,1,2,0,0,1,1
25572,36494,22606,1,155,75.0,160,1000,3,3,0,0,1,1
25576,36502,23435,1,152,77.0,150,1000,1,1,0,1,1,1
25696,36674,19076,1,146,74.0,180,1200,2,1,0,0,1,1
25737,36728,19035,2,184,85.0,150,1100,1,1,0,0,1,0
25822,36853,18303,2,165,118.0,160,1000,1,2,0,1,1,1
25827,36860,16136,2,176,80.0,160,1000,1,1,0,0,1,1
25852,36900,20353,1,160,55.0,160,1100,2,1,0,0,1,1
25916,37001,15958,2,165,85.0,140,1000,1,1,0,0,1,0
26045,37189,20470,1,160,59.0,180,1110,2,2,0,0,1,1
26168,37372,15846,2,170,91.0,160,1000,2,2,0,0,1,1
26178,37385,23580,1,157,75.0,170,1000,1,1,0,0,0,1
26269,37519,18777,1,165,71.0,160,1000,3,3,0,0,1,0
26293,37559,14520,1,168,127.0,160,1100,1,2,1,0,1,1
26386,37699,17537,1,148,55.0,150,1000,1,1,0,0,0,1
26390,37704,21034,2,173,80.0,160,1000,1,1,0,0,1,1
26528,37900,21207,2,161,78.0,140,1000,1,1,0,0,1,0
26782,38275,18313,2,180,86.0,150,1000,1,1,0,0,1,1
26875,38414,17578,2,164,105.0,200,1000,3,1,1,0,1,1
26915,38469,22552,2,170,75.0,150,1000,1,1,0,0,1,1
26958,38539,21881,2,178,96.0,200,1000,3,1,0,0,1,1
27088,38732,21007,2,156,75.0,140,1003,1,1,0,0,1,1
27167,38838,18010,1,150,55.0,160,1200,1,1,0,0,0,1
27220,38920,21315,2,173,69.0,160,1000,2,2,0,0,1,0
27303,39040,18911,1,159,80.0,160,1000,1,1,0,0,0,1
27436,39231,20272,2,184,91.0,160,1100,1,1,0,0,1,1
27438,39233,17566,1,164,65.0,140,1000,1,1,0,0,1,1
27512,39337,21195,2,178,68.0,150,1000,1,1,0,0,1,1
27576,39424,18835,2,171,87.0,170,1000,1,1,0,0,1,1
27643,39524,20460,1,158,80.0,140,1000,1,1,0,0,1,1
27653,39537,19563,1,162,58.0,140,1000,1,1,0,0,1,1
27997,40036,19736,1,160,85.0,140,1000,1,1,0,0,1,1
28096,40171,21798,1,160,91.0,160,1000,2,2,1,0,1,1
28133,40225,21733,1,175,78.0,160,1000,1,1,0,0,1,1
28146,40238,17548,1,160,75.0,140,1000,2,2,0,0,1,1
28163,40259,20461,2,174,89.0,150,1000,1,1,0,0,1,0
28188,40295,16813,2,163,75.0,160,1000,3,2,0,0,1,1
28225,40350,14613,1,160,65.0,130,1000,1,1,0,0,1,1
28251,40383,20236,1,153,60.0,136,1000,3,1,0,0,1,1
28335,40501,17470,2,170,80.0,140,1000,1,1,0,1,1,1
28463,40698,23423,2,161,93.0,160,1001,1,2,0,0,1,1
28482,40725,20477,2,186,130.0,160,1000,2,1,0,0,1,1
28604,40901,15912,1,167,99.0,180,1100,2,1,0,0,1,1
28678,40997,20998,1,161,102.0,140,1000,1,1,0,0,0,1
28697,41025,21841,1,158,86.0,160,1000,3,3,0,0,1,1
28881,41269,15199,2,175,99.0,160,1000,2,2,0,0,1,1
28944,41361,21750,1,158,55.0,170,1000,1,1,0,0,1,1
28954,41371,22626,1,154,93.0,130,1100,1,1,0,0,0,1
29003,41442,18980,1,158,75.0,150,1000,3,1,0,0,1,1
29124,41612,23397,2,165,85.0,160,1100,3,3,0,0,1,1
29314,41891,21254,2,166,83.0,140,1100,2,1,0,0,1,1
29390,42003,22037,1,165,56.0,150,1000,1,1,0,0,1,1
29508,42183,20406,2,150,77.0,140,1000,2,1,1,0,1,1
29564,42265,16895,1,164,103.0,150,1100,1,1,0,0,0,1
29592,42306,16863,1,160,59.0,145,1000,1,1,0,0,1,0
29697,42452,19835,1,168,65.0,150,1000,1,1,0,0,0,1
29789,42591,18191,2,162,63.0,140,1900,1,1,1,0,1,1
29807,42621,20430,1,169,102.0,160,1000,3,1,0,0,1,1
29900,42750,21977,1,168,78.0,150,1000,2,1,0,0,1,1
29965,42849,21254,2,178,91.0,190,1000,1,1,0,0,1,1
29979,42868,19036,1,158,85.0,130,1000,1,2,0,0,1,1
30070,43002,17442,2,157,77.0,150,1000,1,1,0,0,1,1
30103,43047,18307,1,154,87.0,160,1000,1,1,0,0,1,1
30149,43108,20554,1,153,76.0,160,1000,3,1,0,0,0,1
30182,43157,21134,1,156,61.0,170,1100,1,1,0,0,1,1
30211,43205,18975,2,164,63.0,180,1110,3,3,1,0,1,1
30369,43435,20472,2,175,99.0,190,1000,2,1,0,0,0,1
30418,43499,21624,2,169,58.0,150,1000,1,1,0,0,1,1
30502,43602,19083,1,148,54.9,180,1000,1,1,0,0,0,1
30610,43755,19723,1,162,96.0,160,1000,1,1,0,0,1,1
30646,43808,18889,1,164,64.0,160,1000,1,1,0,0,1,0
30739,43944,20648,1,159,61.0,150,1100,1,1,0,0,1,0
30751,43959,17461,1,167,75.0,150,1000,1,1,0,0,0,1
30776,43989,23510,1,154,53.0,140,1000,1,1,0,0,1,0
31050,44335,20615,1,160,72.0,160,1000,1,1,0,0,1,1
31071,44361,18256,2,176,92.0,160,1000,1,1,0,0,1,1
31167,44497,14550,2,170,110.0,150,1000,2,1,1,0,1,1
31228,44585,18939,1,150,85.0,150,1000,3,1,0,0,1,1
31539,45027,22577,2,160,64.0,180,1000,1,1,1,0,1,1
31550,45043,21089,1,164,104.0,160,1100,1,3,0,0,1,1
31571,45075,18082,2,165,65.0,130,1000,1,1,0,0,1,0
31632,45165,14400,1,167,50.5,160,1000,1,1,0,0,1,1
31652,45194,18541,1,178,68.0,140,1000,1,1,0,0,1,1
31676,45232,19904,2,177,107.0,160,1000,3,2,0,0,1,1
31733,45318,18858,1,166,72.0,120,801,1,1,0,0,1,0
31772,45378,23611,1,163,75.0,140,1100,2,1,0,0,1,1
32160,45933,21225,1,158,93.0,150,1000,1,2,0,0,1,1
32207,46001,19093,2,169,78.0,140,1100,1,2,1,1,1,1
32280,46103,18063,2,175,107.0,160,1000,3,3,1,0,1,1
32323,46166,17737,1,180,100.0,140,1000,1,3,1,0,1,1
32452,46353,17578,2,166,74.0,180,1000,1,1,0,0,1,1
32453,46354,20299,1,161,80.0,150,1002,1,1,0,0,1,1
32487,46399,20208,2,179,120.0,135,1001,1,1,0,0,1,1
32565,46501,19934,1,156,80.0,140,1000,1,1,0,0,1,1
32611,46567,18917,1,167,70.0,140,1000,1,1,0,0,0,1
32715,46707,20291,1,156,83.0,190,1000,1,1,0,0,1,1
32803,46848,19821,1,156,56.0,150,1000,1,1,0,0,1,1
32839,46898,16702,2,181,108.0,130,1000,3,3,0,0,1,0
32919,47029,21802,1,144,73.0,180,1000,3,3,0,0,1,1
32920,47030,18335,1,156,65.0,150,9011,2,2,0,0,1,1
33053,47229,19711,2,180,93.0,150,1000,2,2,0,0,1,1
33097,47284,22544,1,160,80.0,150,1000,1,1,0,0,1,1
33137,47350,21638,1,150,100.0,150,1000,2,2,0,0,1,0
33263,47534,19592,1,157,86.0,180,1000,2,2,0,0,1,1
33284,47563,23562,2,176,80.0,165,1000,1,1,0,0,1,0
33313,47603,19488,2,167,83.0,160,1100,1,1,1,0,1,1
33335,47630,21131,1,146,53.0,150,1100,1,1,0,0,1,1
33510,47871,16010,1,176,82.0,170,1000,1,1,0,0,1,1
33564,47945,14502,2,180,92.0,140,1000,1,1,0,0,1,1
33586,47981,21442,2,170,84.0,150,1000,2,2,0,0,1,1
33626,48042,19019,2,180,110.0,199,1000,1,3,0,0,1,1
33665,48089,23219,1,150,85.0,150,1100,1,1,0,0,0,1
33938,48493,21868,1,165,68.0,170,1000,1,1,0,0,0,1
33974,48546,18302,2,171,104.0,130,1100,1,1,1,0,1,1
33990,48568,20444,1,160,87.0,160,1000,1,1,0,0,1,0
33995,48573,18870,1,172,92.0,150,1000,1,1,0,0,1,1
34016,48601,18964,2,175,85.0,160,1000,1,1,0,0,1,1
34032,48622,16021,2,176,97.0,160,1000,1,2,0,0,0,0
34086,48701,20413,2,160,54.0,160,1000,1,1,1,0,1,1
34115,48741,19548,1,172,81.0,170,1100,1,1,0,0,1,1
34124,48754,21265,2,172,84.0,150,1000,1,1,1,0,0,1
34129,48760,18270,1,164,82.0,170,1120,1,2,0,0,1,1
34541,49338,17463,1,164,110.0,150,1000,1,1,0,0,0,1
34560,49368,22799,2,172,86.0,130,1000,1,1,0,0,1,1
34597,49416,18159,2,176,81.0,180,1100,2,1,0,0,1,1
34663,49518,15421,2,169,81.0,140,1000,1,1,0,0,0,1
34676,49536,18858,1,150,70.0,180,1100,3,3,0,0,0,1
34748,49633,23375,2,156,50.0,180,1000,1,1,0,0,1,1
34887,49834,23153,1,160,68.0,150,1000,2,2,0,0,1,1
34963,49940,18412,1,165,77.0,170,1001,2,1,0,0,1,1
34969,49948,20965,1,156,87.0,160,1000,3,3,0,0,1,1
34992,49988,22729,2,170,86.0,170,1000,3,3,1,0,1,1
35024,50035,15303,1,172,68.0,160,1100,1,1,0,0,1,1
35132,50192,15400,1,152,72.0,150,1000,1,1,0,0,1,1
35221,50318,21103,2,175,90.0,150,1000,3,3,0,0,1,0
35261,50371,16131,2,180,78.0,160,1000,1,1,0,0,0,1
35369,50521,21116,2,165,105.0,220,1100,3,1,1,0,1,1
35397,50564,18320,1,162,89.0,140,1100,1,1,0,0,1,1
35502,50706,23062,1,164,71.0,160,1000,1,1,0,0,1,1
35685,50963,18160,1,163,103.0,140,1000,1,1,0,0,1,1
35898,51261,22479,1,158,72.0,150,1000,2,1,0,0,1,1
35906,51270,14661,2,180,101.0,150,1000,2,1,0,0,0,1
35948,51338,18050,2,171,113.0,180,1000,3,1,0,0,1,1
36304,51841,20395,1,165,96.0,160,1000,1,1,0,0,1,1
36350,51916,16546,1,169,75.0,150,1000,1,1,0,0,1,1
36404,51995,18826,2,167,87.0,150,1000,1,1,0,0,1,1
36488,52121,21196,2,173,78.0,170,1000,1,1,0,0,1,1
36725,52488,21367,2,178,85.0,150,1000,1,1,0,0,1,0
36728,52491,20414,1,158,89.0,140,1000,1,1,0,0,0,0
36734,52499,20425,2,165,77.0,150,1000,2,3,0,0,1,0
36780,52564,19630,1,161,181.0,180,1100,2,1,0,0,1,1
36822,52624,17655,2,168,71.0,150,1100,1,1,0,0,1,0
37149,53076,21159,1,157,80.0,130,1000,1,1,0,0,1,1
37156,53083,20626,2,176,80.0,140,8099,1,1,0,0,1,0
37186,53127,14520,1,165,67.0,160,1000,1,1,0,0,1,0
37240,53199,23216,1,165,98.0,150,1000,3,1,0,0,1,1
37324,53309,21848,1,150,71.0,180,1000,3,1,0,0,1,1
37536,53592,20402,2,171,76.0,160,1000,3,3,0,0,1,1
37552,53614,15272,2,182,63.0,120,8000,1,1,0,0,0,0
37590,53670,19909,1,162,175.0,140,1000,1,1,0,0,1,1
37602,53694,15791,2,159,73.0,160,1000,2,1,0,0,1,1
37684,53817,17572,1,158,51.0,160,1000,1,1,0,0,0,1
37731,53876,23539,1,166,69.0,160,1100,1,1,0,0,1,1
37747,53895,21907,2,168,71.0,150,1000,1,1,1,0,1,1
37784,53941,23097,2,177,111.0,130,1003,1,1,1,0,1,1
37898,54101,21027,2,166,91.0,150,1000,3,1,0,1,1,1
38024,54286,15999,2,174,70.0,130,8099,1,1,0,0,0,0
38223,54557,16727,1,168,112.0,130,1000,1,1,0,0,1,1
38262,54612,21658,1,156,70.0,150,809,2,2,0,0,1,0
38384,54805,21231,2,175,87.0,160,1100,2,1,0,0,1,1
38515,54994,23340,2,165,75.0,140,1000,2,1,1,0,1,1
38649,55182,22582,1,160,81.0,180,1200,1,1,0,0,1,1
38687,55240,18852,1,165,74.0,140,1000,3,1,0,0,1,1
38711,55271,15947,1,157,70.0,140,1000,2,1,0,0,0,1
38743,55311,21291,1,152,38.0,150,1000,1,1,0,0,1,1
38745,55313,18188,1,158,69.0,160,1000,1,1,0,0,1,1
38822,55425,19146,2,167,85.0,130,1000,2,2,1,0,1,1
38896,55534,19762,1,162,58.0,160,1100,2,1,0,0,1,1
38994,55674,20313,2,170,78.0,140,1000,1,1,0,0,1,1
39095,55824,22448,2,161,65.0,160,1100,1,1,0,0,1,1
39143,55893,22663,1,175,65.0,140,1000,1,1,0,0,1,1
39209,55993,22799,2,160,58.0,170,1000,1,1,0,0,1,1
39232,56032,21152,1,168,64.0,140,1000,1,1,0,0,0,0
39301,56134,19674,1,161,51.0,160,1000,2,1,0,0,1,1
39418,56303,22491,1,152,61.0,180,1000,2,1,0,0,1,1
39432,56325,22620,1,157,88.0,175,1011,3,3,0,0,1,1
39462,56379,22812,2,165,65.0,140,1000,1,1,0,0,1,1
39746,56798,23430,2,158,69.0,150,1000,1,1,0,0,1,0
39776,56838,20407,1,165,73.0,160,1100,1,1,0,0,1,1
39909,57042,21852,2,170,62.0,140,1000,1,1,0,0,0,0
39947,57105,21290,1,171,93.0,160,1000,2,1,0,0,1,1
40098,57320,17522,2,174,85.0,160,1000,2,1,0,0,1,1
40119,57347,23363,2,176,97.0,150,1000,1,1,0,0,1,1
40193,57452,20407,1,164,72.0,160,1000,1,1,0,0,0,1
40454,57807,20496,1,164,62.0,70,1100,1,1,0,0,0,0
40553,57948,21976,2,171,82.0,140,1000,1,1,1,0,1,0
40796,58298,18366,1,168,79.0,120,801,1,1,0,0,1,0
40852,58374,17438,1,169,70.0,16020,80,1,1,0,0,0,1
41000,58597,16178,2,179,128.0,160,1000,2,1,1,0,0,1
41002,58603,16221,2,172,82.0,140,1000,1,1,1,0,1,1
41006,58611,19585,1,150,85.0,180,1000,1,1,0,0,1,1
41174,58840,22512,1,152,70.0,140,1100,1,1,0,0,1,1
41297,59015,19100,1,159,92.0,150,1000,1,1,0,0,1,0
41311,59034,21175,1,165,68.0,140,1000,2,1,0,0,1,1
41398,59157,18177,1,161,60.0,150,7099,1,1,0,0,1,1
41574,59398,18295,1,143,76.0,180,1000,1,1,0,0,1,1
41615,59453,20506,1,164,116.0,150,1000,2,2,0,0,1,1
41815,59725,22596,2,168,82.0,150,1000,1,3,0,0,1,0
41827,59739,23387,1,154,55.0,140,1000,1,1,0,0,0,1
41833,59750,18076,1,165,93.0,150,1000,3,3,0,0,1,1
41901,59847,19187,2,200,100.0,170,1100,2,2,0,0,1,1
41967,59938,18360,1,158,88.0,140,1000,1,1,0,0,1,0
42086,60106,22752,2,165,85.0,210,1100,1,1,0,0,0,1
42094,60118,22640,2,171,105.0,140,1000,3,1,1,0,1,1
42154,60209,21124,1,157,57.0,180,1100,1,1,0,0,0,1
42330,60471,18165,1,152,55.0,140,1000,1,1,0,0,1,1
42334,60477,18716,1,171,80.0,1,1088,1,1,0,0,1,1
42376,60540,21705,1,159,74.0,160,1000,1,1,0,0,0,1
42396,60564,14863,1,170,78.0,150,1000,2,1,0,0,1,1
42420,60600,23145,1,167,93.0,200,1000,3,2,0,0,0,1
42509,60725,19046,1,162,105.0,140,1000,1,1,0,0,0,1
42567,60815,19729,2,171,62.0,150,1000,1,1,0,0,1,1
42761,61102,17589,1,166,87.0,150,1000,1,1,0,0,1,1
42807,61159,16844,2,160,65.0,180,1110,1,1,0,0,1,1
42957,61365,23287,2,172,70.0,150,1000,1,1,0,0,1,0
42994,61420,18057,2,166,102.0,160,1000,1,1,0,0,1,1
43006,61440,23314,1,158,63.0,160,1000,3,3,0,0,1,1
43056,61506,18187,1,154,55.0,180,1100,1,1,0,0,1,1
43095,61567,17382,1,178,83.0,160,1200,2,1,0,0,1,1
43122,61602,21161,1,162,105.0,170,1100,3,1,1,1,1,0
43230,61752,18823,2,176,90.0,190,1000,3,1,0,0,1,0
43308,61876,18183,2,170,83.0,170,1000,2,1,0,0,1,1
43326,61901,23221,1,160,105.0,200,11000,1,1,0,0,1,1
43434,62058,21906,2,179,62.0,130,9800,1,1,0,0,1,0
43460,62092,20506,1,168,85.0,166,1000,1,1,0,0,1,1
43529,62182,19784,1,156,74.0,170,1000,1,1,0,0,0,1
43575,62253,23372,1,155,87.0,220,1120,3,2,0,0,1,1
43852,62659,20464,2,167,115.0,170,1100,3,1,0,0,1,1
43923,62757,21854,1,169,70.0,160,1000,1,1,0,0,0,1
43984,62844,21950,2,165,77.0,160,1000,1,1,0,0,0,1
44021,62892,21719,1,150,86.0,180,1000,3,1,0,0,1,1
44042,62921,21220,1,165,74.0,120,8200,2,3,0,0,1,0
44099,63008,19072,1,155,65.0,130,1000,1,1,0,0,1,0
44601,63701,18081,2,175,98.0,160,1120,2,1,0,0,0,1
44803,63987,18170,1,167,130.0,170,1100,3,3,0,0,1,1
44855,64054,16120,2,166,105.0,160,1100,2,1,1,0,1,1
44906,64128,22459,1,148,74.0,180,902,2,2,0,0,1,1
44980,64242,16037,1,159,80.0,140,1000,1,1,0,0,0,1
44997,64267,23388,2,172,68.0,140,1000,1,1,0,0,1,1
45050,64340,15947,1,152,85.0,207,1139,1,2,0,0,1,1
45084,64382,18933,2,170,81.0,150,1000,1,1,1,0,1,0
45117,64435,17526,1,162,120.0,160,1000,1,1,0,0,1,0
45127,64447,15100,2,171,77.0,140,1000,1,1,0,0,1,1
45157,64489,23116,1,154,100.0,170,1000,1,1,0,0,1,1
45174,64517,20292,2,172,95.0,140,1000,3,2,0,0,0,0
45210,64574,20542,1,164,97.0,160,1100,1,1,0,1,1,1
45257,64651,19849,1,160,63.0,180,1000,1,1,0,0,1,1
45318,64745,21848,1,159,97.0,140,1000,1,1,0,0,1,1
45332,64764,20168,1,157,84.0,150,1000,3,3,0,0,1,1
45412,64878,21868,1,160,72.0,160,1100,2,1,0,0,1,1
45517,65022,23399,1,162,94.0,170,1000,3,1,0,0,1,1
45537,65051,23501,1,155,71.0,160,1000,1,1,0,0,1,0
45588,65130,20357,2,170,91.0,160,1000,2,1,0,0,0,1
45655,65211,22395,2,171,69.0,150,1000,1,1,0,0,1,1
45749,65353,23109,1,165,74.0,140,1000,2,1,0,0,1,1
45819,65451,19059,1,169,79.0,160,1100,2,1,0,0,1,1
45871,65519,22566,1,159,73.0,150,1000,1,1,0,0,1,1
45885,65538,16592,2,168,98.0,190,1100,3,1,0,1,1,1
45920,65585,21842,2,174,88.0,160,1000,3,3,0,0,1,1
45959,65644,20539,1,153,117.0,200,1100,3,3,0,0,1,1
46332,66175,14595,2,176,70.0,120,820,1,1,0,0,0,0
46422,66298,21177,2,165,69.0,150,1000,1,1,0,0,0,1
46431,66311,23347,1,151,81.0,180,1100,2,2,0,0,1,1
46437,66321,20514,1,167,82.0,150,1000,2,1,0,0,1,1
46577,66499,16598,2,163,82.0,160,1100,3,3,0,0,1,1
46605,66543,16555,1,160,70.0,140,1000,1,1,0,0,0,1
46887,66957,21972,1,162,98.0,170,1000,1,2,0,1,1,1
46912,66998,16910,2,180,78.0,14020,90,1,1,0,0,1,1
46927,67019,22898,1,160,75.0,160,1000,1,1,0,0,1,1
47117,67283,20953,1,149,64.0,140,1000,2,1,0,0,1,1
47161,67359,21137,2,169,74.0,160,1100,1,1,0,0,0,1
47253,67502,19731,1,160,65.0,14020,90,1,1,0,0,1,0
47286,67543,19664,1,159,78.0,150,1000,1,1,0,0,1,1
47539,67885,22848,1,159,73.0,160,1000,1,1,0,0,1,1
47706,68116,19003,1,166,80.0,160,1000,2,2,0,0,1,1
47749,68176,23468,2,167,95.0,150,1000,1,2,0,0,1,0
47935,68441,15243,1,159,116.0,160,1000,3,3,0,0,1,1
47991,68524,14614,1,163,96.0,160,1000,1,1,0,0,1,1
48031,68583,16781,1,173,87.0,120,1000,1,1,0,0,1,0
48074,68658,20304,2,164,106.0,160,1100,2,1,0,0,1,1
48230,68880,18355,2,176,86.0,130,1000,2,1,0,0,0,0
48326,69008,19476,2,162,77.0,170,1000,1,1,0,0,1,1
48365,69059,19749,2,161,88.0,160,1000,1,1,0,0,1,0
48641,69460,23156,1,155,65.0,150,1100,3,1,0,0,1,1
48652,69474,18728,1,164,101.0,150,1000,1,1,0,0,1,1
48769,69643,19517,1,165,71.0,150,1001,2,1,0,0,1,1
48797,69674,16619,1,153,99.0,140,1100,3,3,0,0,0,1
48811,69694,21121,2,155,55.0,160,1000,1,1,0,0,1,1
48887,69797,23407,1,158,76.0,150,1000,1,1,0,0,1,1
48919,69844,20441,1,153,73.0,140,1000,1,1,0,0,1,1
48931,69860,19527,1,151,75.0,160,1100,1,1,0,0,1,1
48933,69862,17502,2,163,90.0,160,1000,1,1,0,0,1,1
48959,69904,20281,1,168,112.0,140,1000,1,1,0,0,1,1
49043,70010,18981,1,168,65.0,150,1100,1,1,0,0,0,1
49049,70018,21752,1,144,63.0,180,1000,3,1,0,0,1,1
49217,70263,15871,1,163,77.0,200,1400,1,1,0,0,1,1
49336,70448,15882,1,165,102.0,180,1000,1,1,0,0,1,1
49347,70464,19015,2,166,79.0,160,1110,3,3,0,1,1,1
49416,70557,18319,2,173,89.0,150,1000,1,1,0,0,1,1
49426,70568,19705,1,175,60.0,150,1000,2,1,0,0,1,1
49450,70604,23416,1,160,97.0,180,1000,1,1,0,0,1,1
49657,70900,20756,2,178,68.0,140,1000,2,3,0,0,1,1
49689,70940,20954,2,152,56.0,160,1000,1,1,0,0,1,1
49741,71018,19721,1,158,130.0,140,1000,3,3,0,0,1,0
49777,71069,21001,1,162,80.0,150,1000,1,1,0,0,1,1
49786,71081,21873,2,174,80.0,150,1000,2,1,0,0,1,1
49980,71336,18855,1,158,95.0,160,1200,1,1,0,0,0,1
50054,71443,19969,2,170,69.0,150,1000,1,1,0,0,1,1
50208,71653,19578,2,172,70.0,160,1000,1,1,0,0,1,1
50227,71677,20442,1,170,70.0,150,1000,1,1,0,0,0,1
50238,71695,19635,2,171,89.0,140,900,1,1,0,0,0,1
50475,72032,16874,2,174,86.0,140,1000,2,1,0,1,1,1
50482,72043,23295,1,169,84.0,180,1100,1,1,0,0,1,1
50488,72055,19654,1,153,60.0,140,1000,3,3,0,0,1,1
50764,72437,22428,1,150,79.0,150,1000,3,3,0,0,1,1
50900,72625,21833,2,165,65.0,120,1000,1,1,0,0,0,0
51031,72795,20445,2,167,74.0,150,1000,3,1,0,0,1,1
51219,73068,16095,1,152,75.0,140,1000,1,1,0,0,1,1
51264,73128,14496,2,177,89.0,180,1100,3,1,0,0,1,1
51359,73253,19631,2,174,150.0,150,1000,1,1,1,0,1,1
51438,73356,18784,2,168,65.0,11020,80,1,1,0,0,1,1
51525,73486,17371,2,173,92.0,140,1000,3,1,0,0,0,1
51554,73527,19698,1,165,80.0,200,1100,1,1,0,0,0,1
51572,73549,15581,1,164,78.0,150,1000,1,1,0,0,1,1
51710,73738,16936,1,172,70.0,140,1000,1,1,0,1,1,1
51716,73746,20374,1,165,80.0,140,1000,1,1,0,0,1,1
51724,73755,20454,1,170,86.0,150,1000,1,1,0,0,1,1
51735,73767,20346,1,177,75.0,150,1000,3,1,0,0,1,1
52141,74373,18194,2,155,56.0,140,1000,1,1,0,0,1,1
52227,74490,19714,1,167,55.0,160,1000,1,1,0,0,1,1
52363,74688,20939,1,159,83.0,140,1008,1,1,0,0,1,1
52776,75287,19503,2,172,90.0,160,1100,1,1,0,0,1,1
52834,75366,16751,1,159,63.0,140,1100,1,1,0,0,1,1
52845,75388,18531,1,148,84.0,160,1000,2,3,0,0,1,1
52865,75415,22668,1,158,71.0,150,1000,2,2,0,0,1,0
52894,75453,20472,2,157,53.0,150,1000,1,1,0,0,1,1
52912,75482,20401,1,164,70.0,125,6800,1,1,0,0,1,0
52994,75591,15107,1,161,76.0,160,1000,1,1,0,0,1,1
53008,75609,16616,1,175,70.0,140,1000,3,3,0,0,1,1
53103,75752,20260,1,166,92.0,170,1000,3,1,0,0,1,1
53122,75777,22361,2,168,75.0,160,1000,3,3,1,0,1,1
53170,75842,22425,2,160,80.0,160,1000,3,2,0,0,1,1
53213,75910,18972,1,170,99.0,140,1000,2,1,0,0,0,1
53243,75962,16150,1,164,75.0,150,1000,1,1,0,0,1,1
53370,76153,22583,2,169,74.0,140,1000,2,3,0,0,1,1
53474,76301,21371,2,167,68.0,140,1000,2,1,0,0,1,1
53485,76316,23308,1,158,85.0,170,1000,1,1,0,0,1,1
53577,76440,17521,1,160,108.0,160,1000,1,1,0,0,1,1
53614,76487,21991,1,170,88.0,160,1000,1,1,0,0,1,1
53951,76966,18266,1,174,58.0,140,1000,1,1,0,0,1,1
54077,77140,17220,1,158,62.0,150,1000,1,1,0,0,1,1
54095,77164,21839,2,169,72.0,150,1000,1,1,0,0,1,1
54129,77208,18993,2,164,92.0,160,1000,1,1,0,0,1,1
54173,77262,19647,1,164,102.0,120,809,1,1,0,0,0,0
54213,77309,23306,1,159,96.0,180,1100,3,3,0,0,1,1
54308,77455,19880,1,145,55.0,150,1000,1,2,0,0,1,1
54380,77562,15250,2,168,83.0,150,1000,1,1,0,0,1,0
54427,77630,20308,2,164,86.0,180,1000,1,1,0,0,1,1
54446,77667,21600,1,146,89.0,180,1200,1,1,0,0,1,1
54499,77746,17493,1,152,95.0,190,1000,1,1,0,0,0,1
54651,77970,15757,1,170,110.0,150,1000,3,2,0,0,1,1
54771,78148,21010,1,158,90.0,150,1100,1,1,0,0,0,0
54820,78216,18042,2,163,92.0,160,1100,1,1,0,0,0,1
54848,78254,15856,1,162,98.0,190,1000,1,1,0,0,1,1
54885,78300,19419,2,170,84.0,140,1000,1,1,0,0,1,1
54887,78303,22682,1,155,60.0,150,1000,2,2,0,0,1,0
54897,78322,18898,1,157,57.0,160,1000,2,2,0,0,1,1
54903,78331,20503,1,168,72.0,150,1000,1,1,0,0,1,0
55008,78470,20385,1,151,66.0,160,1000,1,1,0,0,1,1
55139,78655,19498,2,165,100.0,150,1000,3,1,0,1,1,1
55176,78710,19653,1,152,72.0,150,1100,1,1,0,0,0,1
55220,78774,15129,1,161,72.0,140,1000,2,1,1,0,1,1
55291,78873,20323,1,168,68.0,130,1900,1,1,0,0,1,0
55391,79019,16722,2,168,75.0,150,1100,1,1,0,0,1,1
55459,79116,18307,1,152,76.0,13010,80,2,2,0,0,1,1
55486,79156,18111,1,164,90.0,140,1000,3,1,0,0,1,1
55777,79587,21220,1,158,87.0,160,1000,3,1,0,0,1,1
55847,79679,23182,1,161,105.0,13010,80,1,1,0,0,0,0
55849,79682,22025,1,149,91.0,140,1000,2,2,0,0,0,1
55883,79722,16698,1,153,85.0,160,1100,1,1,0,0,1,0
55976,79857,17594,1,153,65.0,150,1000,1,2,0,0,1,1
56026,79922,18895,1,158,95.0,180,1000,2,1,0,0,1,1
56093,80030,20991,2,165,63.0,150,1000,1,1,0,0,1,0
56113,80063,19686,1,172,90.0,190,1100,1,1,0,0,1,1
56114,80065,21189,1,158,61.0,170,1000,1,2,0,0,1,1
56124,80080,19670,2,162,89.0,140,1100,3,1,0,0,0,0
56146,80108,20377,2,163,77.0,160,1000,1,1,0,0,1,1
56277,80294,22349,2,156,67.0,150,1000,1,1,0,0,0,1
56501,80643,17060,2,167,86.0,150,1001,2,1,0,0,1,1
56521,80675,21844,1,170,78.0,150,1000,3,1,0,0,1,1
56657,80886,18867,1,168,110.0,160,1000,1,1,1,0,1,0
56893,81216,18135,1,168,105.0,160,1100,1,1,0,0,1,1
57108,81515,16804,2,166,85.0,150,1101,1,1,0,0,1,1
57120,81535,18134,1,151,68.0,140,1000,2,2,0,0,1,1
57220,81683,19097,1,161,70.0,140,910,3,1,0,0,1,1
57381,81896,23135,1,172,86.0,150,1000,1,1,0,0,1,1
57385,81900,23389,2,165,77.0,120,1000,1,1,0,0,0,1
57386,81901,19818,2,166,56.0,150,1000,3,2,1,0,1,0
57399,81919,18294,1,161,90.0,170,1000,3,1,0,0,1,1
57459,82008,23150,2,151,62.0,150,1000,1,1,0,0,1,1
57543,82121,23242,1,159,92.0,170,1000,1,1,0,0,1,1
57562,82152,19251,1,173,86.0,120,1000,1,1,0,0,1,0
57681,82325,15803,1,168,65.0,140,1110,1,1,0,0,0,1
57854,82563,19840,1,159,51.0,150,1000,3,1,0,0,1,0
57858,82567,18804,2,165,10.0,180,1100,2,2,0,0,1,1
57942,82693,21733,1,160,60.0,150,1000,1,1,0,0,1,1
58033,82811,16774,1,160,72.0,150,1000,1,1,0,0,1,1
58216,83070,19650,1,163,75.0,200,1200,2,2,0,0,1,1
58244,83112,21709,1,160,90.0,150,1000,2,1,0,0,0,1
58350,83270,23652,1,169,66.0,160,1000,1,2,0,0,1,1
58443,83395,15281,2,180,75.0,140,1000,1,1,0,0,1,1
58451,83405,22409,1,154,70.0,150,1000,3,1,0,0,1,1
58661,83714,21102,1,156,55.0,180,1100,1,1,0,0,1,1
58670,83726,21871,1,159,87.0,160,1100,1,1,0,0,1,0
58768,83871,19704,1,156,59.0,150,1100,1,1,0,0,1,1
58796,83911,21983,2,152,52.0,150,1000,3,2,0,0,1,1
58891,84058,21927,2,172,72.0,150,1100,1,1,0,0,1,0
58952,84150,21278,1,160,58.0,150,1000,1,1,0,0,0,1
59027,84259,19110,2,162,72.0,170,1000,3,3,1,0,1,1
59055,84302,16820,1,160,60.0,150,1000,1,1,0,0,1,1
59155,84457,21739,1,164,100.0,140,1000,2,1,0,0,1,0
59220,84561,22561,2,169,84.0,190,1000,3,3,0,0,0,0
59251,84604,19018,2,176,100.0,210,1140,1,1,0,0,1,1
59274,84638,16119,2,168,75.0,160,1100,1,1,0,0,1,1
59409,84824,20491,2,164,104.0,150,1100,1,1,0,0,1,1
59433,84860,23353,1,158,89.0,176,1211,3,2,0,1,1,1
59449,84883,19245,2,170,65.0,160,1000,1,1,0,0,0,1
59631,85136,19734,1,168,133.0,165,1000,3,3,1,0,0,1
59637,85145,17315,1,162,78.0,160,1100,3,1,0,0,1,1
59670,85187,16889,1,163,82.0,150,1100,1,1,0,0,0,1
59677,85197,20367,2,170,100.0,160,1000,2,2,0,0,1,1
59708,85241,17474,1,156,93.0,130,1000,1,1,0,0,1,1
59823,85419,21689,1,155,67.0,150,1000,3,1,0,0,1,1
59826,85423,19074,2,171,89.0,180,1200,3,1,0,0,1,1
59946,85583,22831,1,153,82.0,180,1100,2,1,0,0,1,1
59982,85633,22687,1,171,106.0,160,1000,2,2,0,0,1,1
60008,85668,15509,2,169,67.8,140,1100,2,1,0,1,1,1
60026,85692,23301,2,164,80.0,150,1000,1,1,0,0,0,1
60118,85835,19626,2,159,55.0,170,1000,2,1,0,0,1,1
60173,85910,20348,1,164,119.0,180,1000,1,1,0,0,1,1
60236,85994,21236,1,157,98.0,150,1000,2,2,0,0,0,1
60334,86142,16636,1,155,90.0,180,1100,1,1,0,0,1,0
60360,86182,19692,1,165,65.0,150,1000,2,1,0,0,1,1
60382,86208,19719,1,161,62.0,150,1000,1,1,0,0,1,1
60399,86231,18812,1,158,123.0,150,1000,2,2,0,0,1,1
60419,86261,17434,2,183,105.0,150,1000,2,2,0,0,1,1
60454,86314,20337,1,162,103.0,160,1000,2,2,0,0,1,1
60505,86388,20661,2,163,82.0,162,1100,1,1,0,0,1,1
60556,86464,18000,2,178,74.0,170,1000,1,1,0,0,1,1
60610,86530,18956,2,166,69.0,130,1000,1,1,0,0,1,1
60739,86704,18850,1,151,69.0,150,1000,1,1,0,0,1,1
60760,86733,21162,2,169,78.0,150,1000,3,1,0,0,1,1
60875,86890,18704,1,165,125.0,160,1200,1,1,0,0,0,1
60894,86919,17353,2,165,74.0,150,1000,1,1,0,0,1,1
60900,86926,17391,2,176,90.0,170,1100,1,1,0,0,1,1
60935,86980,21916,1,165,83.0,170,1000,2,2,0,0,1,0
61157,87306,23351,1,152,66.0,200,1100,2,1,0,0,1,0
61158,87310,21243,1,160,65.0,141,1000,1,1,0,0,1,1
61211,87395,20336,1,167,60.0,180,1100,2,1,0,0,1,1
61340,87582,19579,1,162,64.0,170,1100,1,1,0,0,1,1
61404,87674,19475,1,160,60.0,140,1000,1,1,0,0,1,1
61457,87759,23217,1,166,117.0,160,1100,1,1,0,0,1,1
61582,87924,22088,1,156,67.0,180,1000,1,1,0,0,1,1
61658,88027,23475,1,171,73.0,150,1000,1,1,0,0,1,1
61697,88077,18740,1,156,84.0,140,1000,1,1,0,0,1,1
61754,88168,22584,1,158,76.0,180,1100,1,1,0,0,1,1
62108,88686,14806,2,176,90.0,140,1000,1,1,0,0,1,1
62153,88752,21174,1,160,67.0,140,900,2,1,0,0,1,1
62223,88851,20912,1,160,78.0,160,1000,1,1,0,0,1,1
62277,88929,21780,1,164,73.0,170,1000,1,1,0,0,1,1
62367,89061,19731,2,166,85.0,140,1000,1,1,0,0,1,1
62451,89177,16119,2,174,140.0,180,1100,1,3,0,0,1,1
62547,89305,20928,2,157,46.0,160,1000,1,1,0,0,1,1
62587,89360,23515,1,175,65.0,150,1000,1,1,0,0,0,0
62608,89390,18412,2,170,78.0,151,1100,1,1,1,0,1,1
62709,89545,18920,1,174,85.0,160,1100,1,1,0,0,1,1
62798,89670,22404,1,151,78.0,160,1100,3,1,0,0,1,1
62850,89749,20951,2,175,74.0,145,1000,1,1,1,0,0,1
62875,89788,22047,1,150,75.0,180,1120,2,2,0,0,0,1
62925,89869,21742,1,158,107.0,150,1000,1,1,0,0,1,1
63100,90106,21865,2,178,129.0,140,1110,3,1,0,0,1,1
63120,90137,21059,1,155,90.0,160,1000,1,1,0,0,1,1
63121,90139,19473,1,159,61.0,110,8077,1,1,0,0,1,0
63191,90233,19683,1,158,95.0,150,1000,3,1,0,0,1,1
63208,90258,21106,1,165,93.0,140,1000,2,1,0,0,1,0
63288,90367,19871,2,168,74.0,160,1000,2,1,0,1,1,1
63314,90402,19062,1,165,90.0,160,1100,3,3,0,0,1,1
63488,90646,21302,1,158,64.0,150,1000,2,2,0,0,1,1
63761,91031,20483,2,166,81.0,160,1000,2,1,0,0,0,1
63803,91094,21114,1,166,79.0,140,1000,2,1,0,0,1,1
63821,91120,16959,2,173,82.0,170,1200,1,2,0,0,1,1
63841,91144,19417,2,161,75.0,160,1000,1,2,0,0,1,1
63880,91198,18182,2,186,95.0,100,901,2,2,0,0,1,0
63908,91245,22651,1,154,100.0,140,1000,2,1,0,0,1,1
63969,91326,23488,1,160,72.0,160,1000,1,1,0,0,1,1
64068,91461,20434,2,173,85.0,220,1110,1,1,1,0,1,1
64131,91543,17444,1,150,82.0,180,1000,2,3,0,0,0,1
64163,91584,16949,1,160,58.0,120,1000,1,1,0,0,0,0
64196,91623,16767,1,154,78.0,140,1000,3,1,0,0,1,1
64236,91679,21168,1,147,113.0,160,1000,1,1,0,0,1,1
64312,91794,19390,1,150,72.0,125,880,3,1,0,0,1,1
64334,91821,21968,2,156,60.0,200,1200,1,1,0,0,1,1
64362,91863,21436,2,158,74.0,180,1000,3,3,0,0,0,1
64411,91935,23268,1,157,82.0,150,1000,3,1,0,0,1,1
64452,92006,21300,2,170,67.0,150,1000,1,1,0,0,1,1
64495,92067,21410,1,156,80.0,160,1000,1,1,0,0,1,1
64592,92199,19094,1,156,56.0,160,1000,3,3,0,0,1,1
64853,92569,20912,2,170,100.0,160,1000,2,2,0,0,1,0
64955,92708,19728,2,162,73.0,150,1000,2,3,0,0,1,0
65069,92873,15348,2,186,80.0,160,1000,3,2,0,1,1,1
65082,92896,22688,1,145,33.0,130,1000,2,1,0,0,1,1
65083,92897,21235,1,160,65.0,180,1000,1,1,0,0,1,1
65223,93094,20451,2,171,88.0,160,1000,2,1,0,1,1,1
65266,93165,19101,1,161,127.0,200,1200,3,1,1,0,1,1
65300,93221,17449,2,180,102.0,170,1000,1,1,1,0,1,1
65441,93409,14473,1,158,89.0,190,1000,1,1,0,0,0,1
65648,93694,18348,1,158,78.0,180,1000,1,1,0,0,1,1
65914,94089,23399,1,155,87.0,160,1200,2,2,0,0,1,0
65932,94117,18773,1,168,75.0,140,1000,1,1,0,0,1,1
65961,94162,22003,1,164,95.0,160,1000,1,1,0,0,1,1
66009,94232,19729,1,153,50.0,150,1000,1,1,0,0,1,1
66019,94245,21344,1,172,75.0,150,1000,1,1,0,0,1,1
66070,94322,18992,1,157,60.0,150,1000,1,1,0,0,1,1
66108,94377,21179,2,173,112.0,220,1400,1,1,0,0,1,1
66147,94424,16557,2,178,90.0,140,1000,2,2,0,0,1,1
66278,94612,17257,2,175,97.0,160,1000,3,1,0,0,1,0
66331,94698,18305,1,155,82.0,140,1000,1,1,0,0,1,1
66696,95225,20539,2,167,112.0,160,1000,3,1,0,0,1,1
66732,95286,21958,2,160,80.0,160,1000,1,1,0,0,1,1
66760,95324,19762,2,167,102.0,160,1000,2,1,1,0,1,1
66851,95446,22034,2,154,69.0,160,1000,1,1,0,0,1,1
66881,95484,15857,1,155,77.0,170,1000,2,1,0,0,1,1
66989,95638,21285,1,158,62.0,150,1000,1,1,0,0,1,1
67070,95748,18148,1,160,88.0,150,1000,3,1,0,0,1,1
67095,95785,20171,2,166,101.0,150,1000,1,1,0,0,1,1
67105,95799,23517,1,164,87.0,160,1000,1,1,0,0,0,1
67121,95821,16222,2,178,146.0,140,1100,1,1,1,0,1,1
67162,95886,18469,2,165,68.0,113,5700,1,1,0,0,1,0
67378,96211,18995,2,175,80.0,150,1000,1,1,0,0,1,1
67391,96229,22719,2,156,68.0,150,1000,1,1,1,0,1,1
67420,96269,22560,1,157,73.0,140,1000,1,1,0,1,0,1
67474,96344,19657,1,161,93.0,160,1200,3,1,0,0,0,1
67690,96656,16568,1,157,80.0,160,1000,1,1,0,0,1,1
67816,96849,18815,2,178,79.0,160,1000,3,1,0,0,1,1
68037,97173,15164,2,161,93.0,170,1100,1,1,0,0,1,1
68054,97194,23513,1,154,100.0,140,1000,1,1,0,0,0,1
68216,97430,19840,1,165,82.0,160,1000,1,1,0,0,0,1
68220,97435,21774,1,166,89.0,140,1000,1,1,0,0,1,1
68288,97529,23486,2,161,84.0,180,1100,1,1,0,0,1,1
68453,97774,14324,1,152,75.0,140,1000,1,1,0,0,0,1
68469,97797,22445,2,178,84.0,190,1000,1,1,1,0,1,1
68538,97907,19062,1,166,70.0,160,10000,2,1,0,0,1,1
68669,98110,23290,1,165,68.0,140,1000,1,1,0,0,0,1
68694,98143,15259,1,161,74.0,160,1000,1,1,0,0,1,1
68780,98268,20271,2,165,76.0,160,1000,1,1,0,0,1,1
68821,98329,16748,1,161,65.0,140,1000,2,1,0,0,1,1
68842,98356,19102,2,172,92.0,140,1000,1,1,0,0,1,1
68872,98400,19467,2,163,71.0,150,1000,1,1,0,0,1,1
68917,98460,19783,1,170,82.0,140,1000,1,1,0,0,1,1
69053,98632,19065,2,186,66.0,140,1000,1,1,0,0,1,1
69063,98646,18929,2,175,84.0,160,1000,1,1,0,0,0,1
69162,98775,22656,2,160,98.0,180,1000,1,1,0,0,0,0
69205,98841,19624,2,170,77.0,160,1000,3,2,0,0,1,1
69302,98981,21695,1,158,63.0,150,1000,2,1,0,0,1,1
69480,99235,17314,2,171,93.0,140,1000,3,1,1,0,1,1
69532,99305,14446,1,160,63.0,160,1000,2,1,0,1,0,1
69552,99334,22488,2,170,68.0,130,1100,1,1,0,0,1,0
69631,99454,14674,1,154,90.0,130,1000,2,2,0,0,1,1
69771,99659,23330,1,167,81.0,160,1000,1,1,0,0,1,1
69872,99798,21808,1,152,56.0,160,1000,1,1,0,0,1,1
69878,99807,21239,2,168,95.0,160,1000,1,1,0,0,1,1
69885,99816,22417,2,166,78.0,170,1000,1,1,0,0,0,0
69967,99955,21416,2,168,63.0,140,1000,1,1,0,0,1,1
