,age,gender,height,weight,ap_hi,ap_lo,cholesterol,gluc,smoke,alco,active
228,17489,2,183,98.0,160,1100,1,2,1,0,1
241,21932,2,157,60.0,160,1000,2,1,0,0,0
260,18217,1,150,83.0,140,800,1,1,0,0,1
329,23407,1,176,63.0,160,1000,2,2,0,0,0
345,18704,1,154,81.0,140,1000,2,1,0,0,1
473,15226,1,150,95.0,150,1033,1,1,0,0,1
559,20430,2,173,101.0,200,1000,1,1,0,0,1
613,18963,1,165,92.0,140,1000,1,1,1,0,1
649,18190,1,166,57.0,190,1100,1,1,0,0,1
653,21842,1,156,72.0,180,1000,2,1,0,0,0
719,23407,2,170,74.0,140,1000,1,1,0,0,1
881,17405,2,170,84.0,150,1100,1,1,1,0,0
1000,21043,2,168,82.0,160,1000,2,1,0,0,0
1033,15906,1,167,71.0,150,1001,2,1,0,0,1
1074,21107,2,169,76.0,140,1000,3,3,1,0,1
1092,20344,1,152,55.0,140,1000,3,3,0,0,1
1281,23578,2,169,86.0,130,1000,1,1,0,0,1
1493,15283,1,153,49.0,170,1000,2,1,0,0,1
1522,21179,2,171,68.0,140,1000,2,1,0,0,0
1575,18958,1,172,68.0,170,1200,1,1,0,0,1
1614,14369,2,170,79.0,150,1100,1,1,0,0,0
1632,20588,2,160,55.0,180,1000,1,1,0,0,1
1702,17403,1,161,109.0,160,1000,2,1,0,0,1
1798,22477,1,158,93.0,180,1000,1,1,0,0,1
1906,15109,1,166,77.0,160,1000,1,2,1,0,1
2069,21831,1,162,68.0,160,1100,1,1,0,0,1
2142,15384,2,174,113.0,210,1100,1,1,0,0,1
2243,23356,2,165,85.0,180,1100,3,1,0,0,1
2251,23253,2,172,120.0,170,1100,2,1,0,0,1
2259,20454,1,155,87.0,150,1000,1,1,0,0,1
2301,22435,1,158,105.0,160,1000,3,3,0,0,1
2381,20994,2,186,105.0,140,10000,1,1,0,0,1
2411,22017,1,166,117.0,170,1000,2,1,0,0,1
2423,21208,1,165,72.0,160,1001,2,1,0,0,0
2495,18933,1,148,62.0,150,1000,1,1,0,0,1
2592,21220,2,174,103.0,140,1000,1,1,1,0,1
2656,17429,2,184,97.0,150,1000,1,1,0,1,1
2690,23448,1,153,100.0,140,1000,1,3,0,0,1
2699,22635,1,158,70.0,130,1000,1,2,0,0,0
2715,14297,2,175,70.0,150,1000,1,1,0,0,1
2779,21231,1,162,95.0,170,1000,3,3,0,0,1
2802,18752,2,172,91.0,170,1200,1,1,0,0,0
2899,21156,1,168,84.0,190,1000,3,1,0,0,0
2955,18247,1,163,88.0,130,1000,1,1,0,0,1
2985,20398,1,168,78.0,140,8044,3,3,0,0,0
3145,22678,1,149,71.0,159,1044,1,1,0,0,1
3160,18790,1,146,64.0,150,1000,1,1,0,0,1
3294,21965,2,161,61.0,160,1000,1,1,0,0,0
3313,17545,1,155,155.0,160,1000,1,1,0,0,1
3446,20481,1,156,123.0,160,1000,1,1,0,0,1
3488,20712,1,155,71.0,150,1100,1,1,0,0,0
3600,19846,1,157,60.0,140,1000,3,1,0,0,0
3641,19699,1,156,84.0,150,1100,1,1,0,0,1
3753,23389,1,166,59.0,150,1000,1,1,0,0,1
3869,14707,1,160,78.0,160,1100,1,1,0,0,1
3986,20359,2,175,92.0,140,1000,1,1,0,0,1
4158,19671,2,171,87.0,150,1000,1,1,0,0,1
4165,16580,2,162,76.0,140,1100,1,1,0,0,0
4178,15115,1,170,66.0,160,1100,3,1,0,0,1
4282,20374,1,155,56.0,150,1000,1,1,0,0,1
4356,23154,2,168,76.0,160,1000,3,3,0,0,1
4424,22569,2,165,65.0,180,1000,3,3,1,0,1
4571,18236,1,168,130.0,180,1100,1,1,0,0,0
4573,21178,1,164,108.0,160,1000,1,1,0,0,0
4702,17998,2,164,90.0,130,1000,2,1,0,0,0
5147,21206,2,170,80.0,160,1000,1,1,0,0,1
5212,20456,2,171,59.0,170,1000,1,1,0,0,1
5269,18782,1,152,52.0,180,1000,1,1,0,0,1
5306,23300,1,154,89.0,150,1000,3,1,0,0,0
5328,18329,1,162,74.0,150,1000,1,1,1,0,1
5334,18994,2,182,96.0,150,1000,2,1,0,0,1
5360,22731,1,151,68.0,150,1000,1,1,0,0,1
5397,20315,1,157,66.0,160,1000,3,1,0,0,1
5445,20562,1,151,67.0,190,1000,2,1,0,1,1
5581,20349,2,176,80.0,160,1000,2,1,0,1,1
5622,20997,1,161,71.0,160,1100,1,1,0,0,1
5701,23454,1,150,71.0,140,1000,1,1,0,0,0
5856,17407,1,165,68.0,140,1000,1,1,0,0,1
5874,21813,2,167,98.0,150,1000,1,1,0,0,1
5901,15211,1,154,72.0,160,1000,1,1,0,1,1
5957,21306,1,155,65.0,150,1000,1,1,0,0,1
6006,22836,1,158,81.0,140,1000,3,1,0,0,1
6030,16143,2,165,55.0,140,1000,1,1,0,0,0
6081,17555,1,170,90.0,170,1100,2,1,0,0,1
6181,16129,1,156,90.0,140,1000,1,1,0,0,1
6279,17312,2,175,88.0,140,1000,1,1,0,0,1
6300,20260,1,169,95.0,180,1100,1,2,0,0,1
6426,22101,1,150,82.0,150,1000,2,3,0,0,1
6452,20471,1,153,77.0,150,1000,1,1,0,0,1
6498,23263,2,174,85.0,160,1000,2,1,0,0,0
6508,18101,1,155,89.0,160,1000,3,3,0,0,1
6556,19494,1,155,65.0,150,1100,1,1,0,0,1
6618,22589,1,160,65.0,130,1000,1,1,0,0,1
6653,19528,1,162,69.0,130,9100,1,1,0,0,1
6695,21167,1,156,53.0,178,1033,2,2,0,0,1
6733,20260,1,152,92.0,150,1100,3,1,0,0,0
6810,21732,1,153,123.0,140,1000,1,1,0,0,1
6960,18874,2,180,103.0,140,1000,1,1,0,0,1
6967,18952,1,162,92.0,150,1000,1,1,0,0,1
7080,23305,1,154,60.0,150,1100,1,1,0,0,1
7258,21861,1,162,68.0,160,1000,1,1,0,0,1
7267,15133,2,171,80.0,140,1000,2,1,0,0,1
7425,20281,2,165,86.0,150,1100,3,1,0,0,1
7465,22679,1,154,84.0,140,902,1,1,0,0,1
7499,21898,2,158,64.0,200,1200,2,2,1,0,1
7549,20962,1,162,78.0,160,1100,1,1,0,0,1
7682,15783,1,158,105.0,160,1000,1,1,0,0,1
7683,23246,2,182,89.0,140,1000,2,1,0,0,1
7696,18760,1,165,70.0,170,1100,1,1,0,0,0
7706,23312,1,156,100.0,165,1100,3,1,0,0,1
7707,20325,1,155,72.0,120,1000,2,1,1,0,1
7752,21667,2,176,97.0,140,1000,3,1,1,0,1
7763,21032,1,175,80.0,11500,90,1,1,0,0,1
7781,19526,2,173,91.0,150,1000,2,2,0,0,1
7962,15178,2,178,95.0,190,1000,1,1,0,0,1
8343,16052,1,166,86.0,165,1008,1,1,0,0,1
8396,19746,1,156,95.0,180,1100,2,1,0,0,1
8451,21036,1,166,80.0,160,1200,1,1,0,0,1
8489,17088,1,150,67.0,135,1000,1,1,0,0,1
8623,20621,1,156,70.0,130,1000,2,2,0,0,1
8664,23576,1,162,93.0,140,1000,2,1,0,0,1
8709,22611,2,165,75.0,150,1000,1,1,0,0,1
8757,16905,2,163,63.0,1,2088,1,1,1,0,1
8855,14307,1,165,65.0,120,802,1,1,0,0,0
8902,22743,2,188,120.0,160,1000,1,1,0,0,1
8985,21102,1,150,45.0,147,1000,1,1,0,0,1
9069,15889,2,181,95.0,150,1100,1,1,0,0,1
9164,23408,1,169,85.0,150,1000,1,1,0,0,1
9165,19078,1,165,71.0,120,8000,1,1,0,0,1
9183,21032,1,168,70.0,150,1000,1,1,0,0,0
9260,19085,2,167,78.0,150,1000,3,1,1,0,1
9271,20964,1,162,72.0,160,1000,1,1,0,0,1
9313,22707,1,175,75.0,150,1000,3,3,0,0,1
9409,20242,1,169,69.0,130,1000,1,1,0,0,1
9445,15189,1,148,66.0,180,1100,1,1,0,0,1
9463,23118,2,170,63.0,180,1000,3,1,0,0,1
9603,22482,2,120,68.0,150,1000,2,1,0,0,0
9694,21361,1,169,103.0,160,1000,3,1,0,0,1
9727,16015,2,167,112.0,150,1000,1,1,0,0,0
9794,21092,1,152,58.0,150,1000,1,1,0,0,0
9941,20407,2,168,76.0,180,1000,2,1,0,0,1
10006,21401,2,172,76.0,150,1000,1,1,0,0,1
10075,20627,1,149,78.0,180,1100,2,1,0,0,1
10144,16741,1,155,100.0,136,1022,3,3,0,1,1
10194,20464,2,169,79.0,130,1000,1,1,0,0,1
10238,19710,2,170,95.0,150,1000,3,1,0,0,1
10258,15252,2,172,81.0,150,1000,1,1,1,0,1
10321,20225,1,165,65.0,120,850,1,1,0,0,0
10329,22534,2,173,72.0,190,1000,3,3,0,0,1
10511,20985,1,165,68.0,150,1000,1,1,0,0,1
10515,19642,1,170,140.0,160,1000,1,1,0,0,1
10731,19878,1,160,90.0,150,1000,2,2,0,0,1
10796,18858,1,163,97.0,190,1000,3,1,0,0,1
10857,19558,1,164,85.0,160,708,1,1,0,0,1
10920,22420,1,164,61.0,170,1000,3,3,0,0,1
11006,22789,2,170,58.0,160,1000,1,1,0,0,1
11207,19022,2,168,69.0,140,1000,3,3,0,0,1
11258,16155,2,173,92.0,150,1000,1,1,1,0,0
11319,23256,2,175,94.0,130,1100,1,1,0,0,1
11617,18452,1,158,91.0,170,1000,2,1,0,0,1
11620,18824,1,160,79.0,140,1100,2,1,0,0,1
11882,21269,2,174,87.0,140,1000,2,1,0,0,1
11966,21985,2,172,125.0,170,1000,1,1,0,0,1
12029,21072,2,169,54.0,140,1000,1,1,1,0,1
12086,21466,2,169,78.0,130,9011,1,1,1,1,1
12310,20489,1,161,93.0,142,1011,3,1,0,0,1
12495,15991,1,158,64.0,150,1000,1,1,0,0,1
12599,21325,1,165,92.0,150,1000,1,1,0,0,1
12719,17619,1,152,81.0,160,1000,1,1,0,0,1
12731,20537,1,163,84.0,150,1000,1,1,1,0,1
12748,23245,1,158,70.0,150,1000,1,1,0,0,1
13092,23273,1,158,75.0,140,1000,1,1,1,0,1
13129,23150,1,156,91.0,140,1000,2,1,0,0,0
13288,22593,1,166,82.0,160,1000,3,3,0,0,1
13327,21265,1,178,78.0,160,1100,1,1,0,0,0
13366,23353,1,165,68.0,160,1000,1,1,0,0,1
13378,22014,1,160,84.0,140,1100,3,3,0,0,1
13385,21492,1,165,62.0,150,1000,1,1,0,0,1
13399,15001,2,178,117.0,180,1100,2,1,1,1,0
13447,21159,2,168,68.0,150,1000,1,1,0,0,1
13456,19146,1,168,69.0,140,1000,1,1,0,0,1
13494,16043,2,176,74.0,150,1000,2,1,0,0,1
13533,23203,1,155,75.0,150,1000,2,1,0,0,0
13637,20969,2,177,84.0,150,1007,1,1,0,0,1
13686,21962,1,159,91.0,160,1001,1,1,0,0,1
13762,21275,2,172,73.0,145,1000,2,1,0,0,1
14029,19102,1,162,72.0,140,1000,1,1,0,0,1
14036,19170,2,162,59.0,160,1000,1,1,0,0,1
14096,21769,2,177,88.0,181,1177,1,1,0,0,1
14146,18038,2,180,99.0,180,1000,1,1,0,0,0
14182,22846,1,160,99.0,160,1000,1,2,0,0,1
14194,17317,2,176,108.0,140,1000,2,2,0,0,1
14241,18949,1,157,98.0,170,1177,1,1,1,1,1
14308,18381,1,160,70.0,160,7100,1,1,0,1,1
14397,21460,1,159,68.0,140,1000,2,1,0,0,1
14671,22701,1,157,64.0,170,1000,1,1,0,0,1
14682,23353,1,160,70.0,160,1100,1,1,0,0,1
15042,20651,1,152,74.0,170,1000,1,1,0,0,1
15071,21840,2,176,100.0,140,1000,1,1,0,0,1
15077,16780,1,155,70.0,150,1000,1,1,0,0,1
15136,21891,1,164,97.0,150,1000,3,1,0,0,1
15177,18988,2,187,85.0,160,1000,2,3,1,0,1
15229,21319,1,155,100.0,150,1000,1,1,0,0,1
15396,18179,2,180,91.0,140,1000,2,1,0,0,1
15421,16291,2,170,65.0,180,1100,1,1,0,0,1
15467,18140,1,151,70.0,150,1000,1,2,0,0,1
15486,18360,2,166,73.0,150,1000,3,2,0,0,1
15487,22444,2,164,65.0,150,1100,1,1,0,0,1
15578,18285,1,170,100.0,165,1000,1,1,0,0,1
15587,15942,1,164,103.0,150,1000,2,1,0,0,1
15764,17309,1,167,82.0,140,1000,1,1,1,0,1
15860,19757,1,160,87.0,180,1100,1,1,0,0,1
15920,22623,2,171,69.0,140,1000,1,1,0,0,1
15959,18793,1,156,66.0,160,1100,1,1,0,0,1
15990,14508,2,179,70.0,120,8500,1,1,0,0,1
16017,20522,1,159,58.0,160,1100,1,1,0,0,1
16048,22492,2,182,85.0,160,1000,1,1,0,0,0
16227,18971,1,147,83.0,180,1000,1,1,0,0,1
16466,20603,1,165,62.0,120,800,1,1,0,0,1
16500,19123,2,171,91.0,150,1000,1,1,1,0,0
16530,18043,2,172,110.0,160,1000,2,2,1,0,1
16732,19692,1,161,102.0,170,1100,3,1,0,0,0
17051,22493,1,153,61.0,140,1100,1,1,0,0,1
17070,18975,1,161,87.0,180,1200,1,1,0,0,1
17178,22807,2,180,80.0,190,1000,1,1,1,0,0
17203,20394,1,165,69.0,150,1000,1,1,0,0,0
17266,20316,2,178,102.0,160,1000,1,1,0,0,1
17298,15835,1,165,72.0,180,1000,1,1,0,0,0
17373,18979,1,157,69.0,112,800,1,1,0,0,1
17438,20992,2,176,95.0,168,1110,2,2,0,0,1
17448,19012,1,160,92.0,160,1000,1,1,0,1,1
17480,22073,1,152,57.0,140,1000,1,1,0,0,1
17658,16507,1,158,102.0,180,1000,3,3,0,0,1
17738,19573,1,151,57.0,140,8099,1,1,0,0,0
17792,22418,1,150,69.0,160,1000,1,1,0,0,0
17825,22522,1,156,80.0,164,1088,1,1,0,0,1
17926,18186,1,158,68.0,160,1000,1,1,0,0,1
18085,18362,1,157,61.0,158,1077,1,1,0,1,1
18157,23515,1,162,80.0,160,1000,1,1,0,0,1
18164,22542,2,180,107.0,160,1000,1,1,0,0,1
18168,20496,1,150,63.0,150,1100,3,1,0,0,1
18198,19852,2,168,110.0,180,1120,3,2,0,0,1
18208,21989,2,179,120.0,180,1000,1,1,0,0,1
18250,20388,1,155,64.0,150,1000,3,1,0,0,1
18263,15988,1,165,78.0,150,1000,2,1,0,0,1
18324,22443,1,158,96.0,130,1000,3,1,0,0,1
18329,22441,1,152,78.0,160,1000,1,1,0,0,0
18375,21364,1,168,70.0,150,1100,1,1,0,0,1
18426,22363,2,164,95.0,160,1000,1,1,0,0,1
18450,20645,1,157,75.0,140,1100,3,1,0,0,0
18452,20215,1,158,78.0,160,1000,3,1,0,0,1
18543,15330,2,168,65.0,160,1000,1,1,0,1,1
18578,21026,1,161,80.0,140,1000,2,3,0,0,0
18728,16626,1,162,98.0,140,1100,1,1,0,0,1
18753,19052,1,176,90.0,160,1000,3,1,0,0,1
18823,18420,1,169,110.0,160,1000,3,3,0,0,1
18873,21045,2,164,91.0,160,1100,2,1,1,0,1
18891,20523,2,185,98.0,150,1000,2,1,0,0,1
18930,19666,1,155,79.0,160,1000,3,3,0,0,1
18980,20351,2,168,70.0,150,1000,1,1,0,0,1
19014,18991,1,170,76.0,140,1000,3,3,0,0,1
19171,19639,2,176,93.0,140,1000,3,1,0,0,1
19295,22659,2,168,77.0,160,1000,1,1,0,0,1
19316,20334,2,168,73.0,160,1100,1,1,0,0,1
19357,19568,1,169,71.0,150,1000,1,1,0,0,1
19360,23509,1,152,54.0,160,1000,3,3,0,0,1
19458,21735,1,155,75.0,170,1100,1,1,0,0,1
19529,21794,1,163,72.0,160,1100,3,1,0,0,1
19831,21203,1,162,89.0,150,1125,2,1,0,0,1
19916,22645,1,160,60.0,120,850,1,1,0,0,1
19923,20922,2,168,75.0,160,1000,1,1,0,0,1
19969,23224,1,147,70.0,170,1000,2,1,0,0,1
20018,18034,2,186,86.0,150,1000,1,1,0,0,1
20019,23278,1,148,62.0,180,1000,2,1,0,0,1
20026,22531,2,162,64.0,190,1000,1,1,1,0,0
20065,21008,2,161,69.0,140,1000,1,1,0,0,1
20179,21091,1,175,114.0,150,1000,2,2,0,0,0
20469,18427,2,176,87.0,150,1008,2,1,0,1,1
20500,19795,2,161,65.0,180,1000,1,1,0,1,0
20516,18891,1,153,80.6,160,1000,1,1,0,0,0
20603,21055,1,161,70.0,160,1000,2,1,0,0,1
20744,19497,2,179,77.0,140,1000,3,3,0,0,1
20771,16175,1,162,76.0,180,1000,1,1,0,0,0
20791,18818,1,160,78.0,160,1000,2,2,0,1,1
20882,19121,1,155,81.0,160,8100,1,1,0,0,1
20900,20594,2,167,68.0,140,1100,2,1,0,0,1
21039,17522,1,161,90.0,140,1100,1,1,0,0,1
21044,23266,2,187,85.0,130,1000,1,1,0,0,1
21218,21025,1,168,90.0,140,1000,1,1,0,0,1
21249,16212,1,173,78.0,110,710,1,1,0,0,1
21300,21844,1,165,96.0,180,1100,2,2,0,0,1
21338,15252,1,154,48.0,140,1000,1,1,0,0,1
21339,18875,1,164,63.0,140,1100,1,1,0,0,1
21493,21363,2,171,69.0,160,1000,1,1,0,0,1
21507,18974,2,168,76.0,140,1000,1,1,0,0,1
21657,16867,1,160,70.0,160,1000,3,1,0,0,1
21848,18820,1,158,58.0,150,1000,3,3,0,0,0
21876,18238,2,178,93.0,170,1000,1,1,0,0,1
21882,21005,1,151,61.0,180,1000,1,1,0,0,1
21930,19666,2,176,114.0,180,1000,1,1,0,0,1
21935,21174,2,166,64.0,200,1000,3,3,0,0,1
22095,16012,1,168,121.0,140,1000,1,1,0,0,1
22153,20250,1,159,60.0,160,1100,2,1,0,0,1
22248,18027,1,156,55.0,120,800,1,1,0,0,1
22563,20498,1,171,72.0,190,1200,1,1,0,0,1
22569,18258,1,156,114.0,180,1200,3,3,0,0,1
22599,20257,2,176,100.0,160,1110,1,2,0,0,1
22661,22612,1,162,75.0,150,1000,3,3,0,0,0
22710,22735,2,160,72.0,160,1100,1,1,1,0,1
22764,19809,1,162,63.0,150,800,1,1,0,0,1
22774,19146,2,182,89.0,140,1000,1,1,0,0,1
22825,20650,1,154,70.0,130,1000,1,1,0,0,1
22858,23441,1,162,73.0,150,1000,1,1,0,1,1
22900,20261,1,167,83.0,130,1000,2,1,0,0,1
23003,19494,1,161,111.0,170,1000,3,1,0,0,1
23069,15262,1,151,67.0,160,1000,1,1,0,0,1
23120,18260,2,174,68.0,180,1000,2,1,0,0,1
23185,21252,2,175,78.0,160,1008,1,1,0,0,1
23230,19932,2,170,70.0,112,5700,1,2,0,0,1
23284,15314,1,160,60.0,180,1000,1,1,0,0,1
23372,21992,2,173,70.0,170,1100,1,1,1,0,1
23450,14680,2,163,73.0,150,1000,1,1,0,0,1
23502,19746,2,169,64.0,120,8079,1,1,0,0,0
23598,19641,1,154,76.0,150,1100,1,1,0,0,1
23849,18102,2,169,86.0,150,10000,2,2,0,1,1
24087,21296,2,177,98.0,150,1000,2,1,0,0,1
24101,18493,1,160,63.0,160,1000,2,1,0,0,1
24250,21758,1,160,112.0,120,1000,1,1,0,0,1
24325,22435,2,158,60.0,160,1000,1,1,0,0,1
24459,19822,2,180,99.0,160,1000,1,1,0,0,1
24528,18373,1,165,85.0,180,1110,1,1,0,0,1
24558,23245,2,170,77.0,140,1000,1,1,0,0,1
24598,16928,2,180,98.0,150,1100,1,1,1,0,1
24631,19004,1,162,70.0,150,1000,1,1,0,0,1
24818,18138,2,183,85.0,150,1000,2,2,0,0,1
24895,19549,1,160,65.0,180,1000,1,2,0,0,0
24915,20498,2,177,88.0,150,1000,2,1,1,0,1
24970,21133,1,156,80.0,140,1000,3,1,0,0,1
25137,19020,2,174,74.0,130,1000,1,1,0,0,1
25359,17672,1,165,70.0,140,1000,1,1,0,0,1
25464,15835,2,169,75.0,14020,80,2,1,0,0,1
25465,20196,1,168,68.0,190,1000,1,1,0,0,1
25467,19543,1,160,96.0,150,1000,2,1,0,0,1
25484,21390,2,170,78.0,155,1111,1,1,1,0,1
25519,21361,1,169,71.0,14020,80,3,3,0,0,1
25554,15351,1,155,94.0,160,1110,1,2,0,0,1
25572,22606,1,155,75.0,160,1000,3,3,0,0,1
25576,23435,1,152,77.0,150,1000,1,1,0,1,1
25696,19076,1,146,74.0,180,1200,2,1,0,0,1
25737,19035,2,184,85.0,150,1100,1,1,0,0,1
25822,18303,2,165,118.0,160,1000,1,2,0,1,1
25827,16136,2,176,80.0,160,1000,1,1,0,0,1
25852,20353,1,160,55.0,160,1100,2,1,0,0,1
25916,15958,2,165,85.0,140,1000,1,1,0,0,1
26045,20470,1,160,59.0,180,1110,2,2,0,0,1
26168,15846,2,170,91.0,160,1000,2,2,0,0,1
26178,23580,1,157,75.0,170,1000,1,1,0,0,0
26269,18777,1,165,71.0,160,1000,3,3,0,0,1
26293,14520,1,168,127.0,160,1100,1,2,1,0,1
26386,17537,1,148,55.0,150,1000,1,1,0,0,0
26390,21034,2,173,80.0,160,1000,1,1,0,0,1
26528,21207,2,161,78.0,140,1000,1,1,0,0,1
26782,18313,2,180,86.0,150,1000,1,1,0,0,1
26875,17578,2,164,105.0,200,1000,3,1,1,0,1
26915,22552,2,170,75.0,150,1000,1,1,0,0,1
26958,21881,2,178,96.0,200,1000,3,1,0,0,1
27088,21007,2,156,75.0,140,1003,1,1,0,0,1
27167,18010,1,150,55.0,160,1200,1,1,0,0,0
27220,21315,2,173,69.0,160,1000,2,2,0,0,1
27303,18911,1,159,80.0,160,1000,1,1,0,0,0
27436,20272,2,184,91.0,160,1100,1,1,0,0,1
27438,17566,1,164,65.0,140,1000,1,1,0,0,1
27512,21195,2,178,68.0,150,1000,1,1,0,0,1
27576,18835,2,171,87.0,170,1000,1,1,0,0,1
27643,20460,1,158,80.0,140,1000,1,1,0,0,1
27653,19563,1,162,58.0,140,1000,1,1,0,0,1
27997,19736,1,160,85.0,140,1000,1,1,0,0,1
28096,21798,1,160,91.0,160,1000,2,2,1,0,1
28133,21733,1,175,78.0,160,1000,1,1,0,0,1
28146,17548,1,160,75.0,140,1000,2,2,0,0,1
28163,20461,2,174,89.0,150,1000,1,1,0,0,1
28188,16813,2,163,75.0,160,1000,3,2,0,0,1
28225,14613,1,160,65.0,130,1000,1,1,0,0,1
28251,20236,1,153,60.0,136,1000,3,1,0,0,1
28335,17470,2,170,80.0,140,1000,1,1,0,1,1
28463,23423,2,161,93.0,160,1001,1,2,0,0,1
28482,20477,2,186,130.0,160,1000,2,1,0,0,1
28604,15912,1,167,99.0,180,1100,2,1,0,0,1
28678,20998,1,161,102.0,140,1000,1,1,0,0,0
28697,21841,1,158,86.0,160,1000,3,3,0,0,1
28881,15199,2,175,99.0,160,1000,2,2,0,0,1
28944,21750,1,158,55.0,170,1000,1,1,0,0,1
28954,22626,1,154,93.0,130,1100,1,1,0,0,0
29003,18980,1,158,75.0,150,1000,3,1,0,0,1
29124,23397,2,165,85.0,160,1100,3,3,0,0,1
29314,21254,2,166,83.0,140,1100,2,1,0,0,1
29390,22037,1,165,56.0,150,1000,1,1,0,0,1
29508,20406,2,150,77.0,140,1000,2,1,1,0,1
29564,16895,1,164,103.0,150,1100,1,1,0,0,0
29592,16863,1,160,59.0,145,1000,1,1,0,0,1
29697,19835,1,168,65.0,150,1000,1,1,0,0,0
29789,18191,2,162,63.0,140,1900,1,1,1,0,1
29807,20430,1,169,102.0,160,1000,3,1,0,0,1
29900,21977,1,168,78.0,150,1000,2,1,0,0,1
29965,21254,2,178,91.0,190,1000,1,1,0,0,1
29979,19036,1,158,85.0,130,1000,1,2,0,0,1
30070,17442,2,157,77.0,150,1000,1,1,0,0,1
30103,18307,1,154,87.0,160,1000,1,1,0,0,1
30149,20554,1,153,76.0,160,1000,3,1,0,0,0
30182,21134,1,156,61.0,170,1100,1,1,0,0,1
30211,18975,2,164,63.0,180,1110,3,3,1,0,1
30369,20472,2,175,99.0,190,1000,2,1,0,0,0
30418,21624,2,169,58.0,150,1000,1,1,0,0,1
30502,19083,1,148,54.9,180,1000,1,1,0,0,0
30610,19723,1,162,96.0,160,1000,1,1,0,0,1
30646,18889,1,164,64.0,160,1000,1,1,0,0,1
30739,20648,1,159,61.0,150,1100,1,1,0,0,1
30751,17461,1,167,75.0,150,1000,1,1,0,0,0
30776,23510,1,154,53.0,140,1000,1,1,0,0,1
31050,20615,1,160,72.0,160,1000,1,1,0,0,1
31071,18256,2,176,92.0,160,1000,1,1,0,0,1
31167,14550,2,170,110.0,150,1000,2,1,1,0,1
31228,18939,1,150,85.0,150,1000,3,1,0,0,1
31539,22577,2,160,64.0,180,1000,1,1,1,0,1
31550,21089,1,164,104.0,160,1100,1,3,0,0,1
31571,18082,2,165,65.0,130,1000,1,1,0,0,1
31632,14400,1,167,50.5,160,1000,1,1,0,0,1
31652,18541,1,178,68.0,140,1000,1,1,0,0,1
31676,19904,2,177,107.0,160,1000,3,2,0,0,1
31733,18858,1,166,72.0,120,801,1,1,0,0,1
31772,23611,1,163,75.0,140,1100,2,1,0,0,1
32160,21225,1,158,93.0,150,1000,1,2,0,0,1
32207,19093,2,169,78.0,140,1100,1,2,1,1,1
32280,18063,2,175,107.0,160,1000,3,3,1,0,1
32323,17737,1,180,100.0,140,1000,1,3,1,0,1
32452,17578,2,166,74.0,180,1000,1,1,0,0,1
32453,20299,1,161,80.0,150,1002,1,1,0,0,1
32487,20208,2,179,120.0,135,1001,1,1,0,0,1
32565,19934,1,156,80.0,140,1000,1,1,0,0,1
32611,18917,1,167,70.0,140,1000,1,1,0,0,0
32715,20291,1,156,83.0,190,1000,1,1,0,0,1
32803,19821,1,156,56.0,150,1000,1,1,0,0,1
32839,16702,2,181,108.0,130,1000,3,3,0,0,1
32919,21802,1,144,73.0,180,1000,3,3,0,0,1
32920,18335,1,156,65.0,150,9011,2,2,0,0,1
33053,19711,2,180,93.0,150,1000,2,2,0,0,1
33097,22544,1,160,80.0,150,1000,1,1,0,0,1
33137,21638,1,150,100.0,150,1000,2,2,0,0,1
33263,19592,1,157,86.0,180,1000,2,2,0,0,1
33284,23562,2,176,80.0,165,1000,1,1,0,0,1
33313,19488,2,167,83.0,160,1100,1,1,1,0,1
33335,21131,1,146,53.0,150,1100,1,1,0,0,1
33510,16010,1,176,82.0,170,1000,1,1,0,0,1
33564,14502,2,180,92.0,140,1000,1,1,0,0,1
33586,21442,2,170,84.0,150,1000,2,2,0,0,1
33626,19019,2,180,110.0,199,1000,1,3,0,0,1
33665,23219,1,150,85.0,150,1100,1,1,0,0,0
33938,21868,1,165,68.0,170,1000,1,1,0,0,0
33974,18302,2,171,104.0,130,1100,1,1,1,0,1
33990,20444,1,160,87.0,160,1000,1,1,0,0,1
33995,18870,1,172,92.0,150,1000,1,1,0,0,1
34016,18964,2,175,85.0,160,1000,1,1,0,0,1
34032,16021,2,176,97.0,160,1000,1,2,0,0,0
34086,20413,2,160,54.0,160,1000,1,1,1,0,1
34115,19548,1,172,81.0,170,1100,1,1,0,0,1
34124,21265,2,172,84.0,150,1000,1,1,1,0,0
34129,18270,1,164,82.0,170,1120,1,2,0,0,1
34541,17463,1,164,110.0,150,1000,1,1,0,0,0
34560,22799,2,172,86.0,130,1000,1,1,0,0,1
34597,18159,2,176,81.0,180,1100,2,1,0,0,1
34663,15421,2,169,81.0,140,1000,1,1,0,0,0
34676,18858,1,150,70.0,180,1100,3,3,0,0,0
34748,23375,2,156,50.0,180,1000,1,1,0,0,1
34887,23153,1,160,68.0,150,1000,2,2,0,0,1
34963,18412,1,165,77.0,170,1001,2,1,0,0,1
34969,20965,1,156,87.0,160,1000,3,3,0,0,1
34992,22729,2,170,86.0,170,1000,3,3,1,0,1
35024,15303,1,172,68.0,160,1100,1,1,0,0,1
35132,15400,1,152,72.0,150,1000,1,1,0,0,1
35221,21103,2,175,90.0,150,1000,3,3,0,0,1
35261,16131,2,180,78.0,160,1000,1,1,0,0,0
35369,21116,2,165,105.0,220,1100,3,1,1,0,1
35397,18320,1,162,89.0,140,1100,1,1,0,0,1
35502,23062,1,164,71.0,160,1000,1,1,0,0,1
35685,18160,1,163,103.0,140,1000,1,1,0,0,1
35898,22479,1,158,72.0,150,1000,2,1,0,0,1
35906,14661,2,180,101.0,150,1000,2,1,0,0,0
35948,18050,2,171,113.0,180,1000,3,1,0,0,1
36304,20395,1,165,96.0,160,1000,1,1,0,0,1
36350,16546,1,169,75.0,150,1000,1,1,0,0,1
36404,18826,2,167,87.0,150,1000,1,1,0,0,1
36488,21196,2,173,78.0,170,1000,1,1,0,0,1
36725,21367,2,178,85.0,150,1000,1,1,0,0,1
36728,20414,1,158,89.0,140,1000,1,1,0,0,0
36734,20425,2,165,77.0,150,1000,2,3,0,0,1
36780,19630,1,161,181.0,180,1100,2,1,0,0,1
36822,17655,2,168,71.0,150,1100,1,1,0,0,1
37149,21159,1,157,80.0,130,1000,1,1,0,0,1
37156,20626,2,176,80.0,140,8099,1,1,0,0,1
37186,14520,1,165,67.0,160,1000,1,1,0,0,1
37240,23216,1,165,98.0,150,1000,3,1,0,0,1
37324,21848,1,150,71.0,180,1000,3,1,0,0,1
37536,20402,2,171,76.0,160,1000,3,3,0,0,1
37552,15272,2,182,63.0,120,8000,1,1,0,0,0
37590,19909,1,162,175.0,140,1000,1,1,0,0,1
37602,15791,2,159,73.0,160,1000,2,1,0,0,1
37684,17572,1,158,51.0,160,1000,1,1,0,0,0
37731,23539,1,166,69.0,160,1100,1,1,0,0,1
37747,21907,2,168,71.0,150,1000,1,1,1,0,1
37784,23097,2,177,111.0,130,1003,1,1,1,0,1
37898,21027,2,166,91.0,150,1000,3,1,0,1,1
38024,15999,2,174,70.0,130,8099,1,1,0,0,0
38223,16727,1,168,112.0,130,1000,1,1,0,0,1
38262,21658,1,156,70.0,150,809,2,2,0,0,1
38384,21231,2,175,87.0,160,1100,2,1,0,0,1
38515,23340,2,165,75.0,140,1000,2,1,1,0,1
38649,22582,1,160,81.0,180,1200,1,1,0,0,1
38687,18852,1,165,74.0,140,1000,3,1,0,0,1
38711,15947,1,157,70.0,140,1000,2,1,0,0,0
38743,21291,1,152,38.0,150,1000,1,1,0,0,1
38745,18188,1,158,69.0,160,1000,1,1,0,0,1
38822,19146,2,167,85.0,130,1000,2,2,1,0,1
38896,19762,1,162,58.0,160,1100,2,1,0,0,1
38994,20313,2,170,78.0,140,1000,1,1,0,0,1
39095,22448,2,161,65.0,160,1100,1,1,0,0,1
39143,22663,1,175,65.0,140,1000,1,1,0,0,1
39209,22799,2,160,58.0,170,1000,1,1,0,0,1
39232,21152,1,168,64.0,140,1000,1,1,0,0,0
39301,19674,1,161,51.0,160,1000,2,1,0,0,1
39418,22491,1,152,61.0,180,1000,2,1,0,0,1
39432,22620,1,157,88.0,175,1011,3,3,0,0,1
39462,22812,2,165,65.0,140,1000,1,1,0,0,1
39746,23430,2,158,69.0,150,1000,1,1,0,0,1
39776,20407,1,165,73.0,160,1100,1,1,0,0,1
39909,21852,2,170,62.0,140,1000,1,1,0,0,0
39947,21290,1,171,93.0,160,1000,2,1,0,0,1
40098,17522,2,174,85.0,160,1000,2,1,0,0,1
40119,23363,2,176,97.0,150,1000,1,1,0,0,1
40193,20407,1,164,72.0,160,1000,1,1,0,0,0
40454,20496,1,164,62.0,70,1100,1,1,0,0,0
40553,21976,2,171,82.0,140,1000,1,1,1,0,1
40796,18366,1,168,79.0,120,801,1,1,0,0,1
40852,17438,1,169,70.0,16020,80,1,1,0,0,0
41000,16178,2,179,128.0,160,1000,2,1,1,0,0
41002,16221,2,172,82.0,140,1000,1,1,1,0,1
41006,19585,1,150,85.0,180,1000,1,1,0,0,1
41174,22512,1,152,70.0,140,1100,1,1,0,0,1
41297,19100,1,159,92.0,150,1000,1,1,0,0,1
41311,21175,1,165,68.0,140,1000,2,1,0,0,1
41398,18177,1,161,60.0,150,7099,1,1,0,0,1
41574,18295,1,143,76.0,180,1000,1,1,0,0,1
41615,20506,1,164,116.0,150,1000,2,2,0,0,1
41815,22596,2,168,82.0,150,1000,1,3,0,0,1
41827,23387,1,154,55.0,140,1000,1,1,0,0,0
41833,18076,1,165,93.0,150,1000,3,3,0,0,1
41901,19187,2,200,100.0,170,1100,2,2,0,0,1
41967,18360,1,158,88.0,140,1000,1,1,0,0,1
42086,22752,2,165,85.0,210,1100,1,1,0,0,0
42094,22640,2,171,105.0,140,1000,3,1,1,0,1
42154,21124,1,157,57.0,180,1100,1,1,0,0,0
42330,18165,1,152,55.0,140,1000,1,1,0,0,1
42334,18716,1,171,80.0,1,1088,1,1,0,0,1
42376,21705,1,159,74.0,160,1000,1,1,0,0,0
42396,14863,1,170,78.0,150,1000,2,1,0,0,1
42420,23145,1,167,93.0,200,1000,3,2,0,0,0
42509,19046,1,162,105.0,140,1000,1,1,0,0,0
42567,19729,2,171,62.0,150,1000,1,1,0,0,1
42761,17589,1,166,87.0,150,1000,1,1,0,0,1
42807,16844,2,160,65.0,180,1110,1,1,0,0,1
42957,23287,2,172,70.0,150,1000,1,1,0,0,1
42994,18057,2,166,102.0,160,1000,1,1,0,0,1
43006,23314,1,158,63.0,160,1000,3,3,0,0,1
43056,18187,1,154,55.0,180,1100,1,1,0,0,1
43095,17382,1,178,83.0,160,1200,2,1,0,0,1
43122,21161,1,162,105.0,170,1100,3,1,1,1,1
43230,18823,2,176,90.0,190,1000,3,1,0,0,1
43308,18183,2,170,83.0,170,1000,2,1,0,0,1
43326,23221,1,160,105.0,200,11000,1,1,0,0,1
43434,21906,2,179,62.0,130,9800,1,1,0,0,1
43460,20506,1,168,85.0,166,1000,1,1,0,0,1
43529,19784,1,156,74.0,170,1000,1,1,0,0,0
43575,23372,1,155,87.0,220,1120,3,2,0,0,1
43852,20464,2,167,115.0,170,1100,3,1,0,0,1
43923,21854,1,169,70.0,160,1000,1,1,0,0,0
43984,21950,2,165,77.0,160,1000,1,1,0,0,0
44021,21719,1,150,86.0,180,1000,3,1,0,0,1
44042,21220,1,165,74.0,120,8200,2,3,0,0,1
44099,19072,1,155,65.0,130,1000,1,1,0,0,1
44601,18081,2,175,98.0,160,1120,2,1,0,0,0
44803,18170,1,167,130.0,170,1100,3,3,0,0,1
44855,16120,2,166,105.0,160,1100,2,1,1,0,1
44906,22459,1,148,74.0,180,902,2,2,0,0,1
44980,16037,1,159,80.0,140,1000,1,1,0,0,0
44997,23388,2,172,68.0,140,1000,1,1,0,0,1
45050,15947,1,152,85.0,207,1139,1,2,0,0,1
45084,18933,2,170,81.0,150,1000,1,1,1,0,1
45117,17526,1,162,120.0,160,1000,1,1,0,0,1
45127,15100,2,171,77.0,140,1000,1,1,0,0,1
45157,23116,1,154,100.0,170,1000,1,1,0,0,1
45174,20292,2,172,95.0,140,1000,3,2,0,0,0
45210,20542,1,164,97.0,160,1100,1,1,0,1,1
45257,19849,1,160,63.0,180,1000,1,1,0,0,1
45318,21848,1,159,97.0,140,1000,1,1,0,0,1
45332,20168,1,157,84.0,150,1000,3,3,0,0,1
45412,21868,1,160,72.0,160,1100,2,1,0,0,1
45517,23399,1,162,94.0,170,1000,3,1,0,0,1
45537,23501,1,155,71.0,160,1000,1,1,0,0,1
45588,20357,2,170,91.0,160,1000,2,1,0,0,0
45655,22395,2,171,69.0,150,1000,1,1,0,0,1
45749,23109,1,165,74.0,140,1000,2,1,0,0,1
45819,19059,1,169,79.0,160,1100,2,1,0,0,1
45871,22566,1,159,73.0,150,1000,1,1,0,0,1
45885,16592,2,168,98.0,190,1100,3,1,0,1,1
45920,21842,2,174,88.0,160,1000,3,3,0,0,1
45959,20539,1,153,117.0,200,1100,3,3,0,0,1
46332,14595,2,176,70.0,120,820,1,1,0,0,0
46422,21177,2,165,69.0,150,1000,1,1,0,0,0
46431,23347,1,151,81.0,180,1100,2,2,0,0,1
46437,20514,1,167,82.0,150,1000,2,1,0,0,1
46577,16598,2,163,82.0,160,1100,3,3,0,0,1
46605,16555,1,160,70.0,140,1000,1,1,0,0,0
46887,21972,1,162,98.0,170,1000,1,2,0,1,1
46912,16910,2,180,78.0,14020,90,1,1,0,0,1
46927,22898,1,160,75.0,160,1000,1,1,0,0,1
47117,20953,1,149,64.0,140,1000,2,1,0,0,1
47161,21137,2,169,74.0,160,1100,1,1,0,0,0
47253,19731,1,160,65.0,14020,90,1,1,0,0,1
47286,19664,1,159,78.0,150,1000,1,1,0,0,1
47539,22848,1,159,73.0,160,1000,1,1,0,0,1
47706,19003,1,166,80.0,160,1000,2,2,0,0,1
47749,23468,2,167,95.0,150,1000,1,2,0,0,1
47935,15243,1,159,116.0,160,1000,3,3,0,0,1
47991,14614,1,163,96.0,160,1000,1,1,0,0,1
48031,16781,1,173,87.0,120,1000,1,1,0,0,1
48074,20304,2,164,106.0,160,1100,2,1,0,0,1
48230,18355,2,176,86.0,130,1000,2,1,0,0,0
48326,19476,2,162,77.0,170,1000,1,1,0,0,1
48365,19749,2,161,88.0,160,1000,1,1,0,0,1
48641,23156,1,155,65.0,150,1100,3,1,0,0,1
48652,18728,1,164,101.0,150,1000,1,1,0,0,1
48769,19517,1,165,71.0,150,1001,2,1,0,0,1
48797,16619,1,153,99.0,140,1100,3,3,0,0,0
48811,21121,2,155,55.0,160,1000,1,1,0,0,1
48887,23407,1,158,76.0,150,1000,1,1,0,0,1
48919,20441,1,153,73.0,140,1000,1,1,0,0,1
48931,19527,1,151,75.0,160,1100,1,1,0,0,1
48933,17502,2,163,90.0,160,1000,1,1,0,0,1
48959,20281,1,168,112.0,140,1000,1,1,0,0,1
49043,18981,1,168,65.0,150,1100,1,1,0,0,0
49049,21752,1,144,63.0,180,1000,3,1,0,0,1
49217,15871,1,163,77.0,200,1400,1,1,0,0,1
49336,15882,1,165,102.0,180,1000,1,1,0,0,1
49347,19015,2,166,79.0,160,1110,3,3,0,1,1
49416,18319,2,173,89.0,150,1000,1,1,0,0,1
49426,19705,1,175,60.0,150,1000,2,1,0,0,1
49450,23416,1,160,97.0,180,1000,1,1,0,0,1
49657,20756,2,178,68.0,140,1000,2,3,0,0,1
49689,20954,2,152,56.0,160,1000,1,1,0,0,1
49741,19721,1,158,130.0,140,1000,3,3,0,0,1
49777,21001,1,162,80.0,150,1000,1,1,0,0,1
49786,21873,2,174,80.0,150,1000,2,1,0,0,1
49980,18855,1,158,95.0,160,1200,1,1,0,0,0
50054,19969,2,170,69.0,150,1000,1,1,0,0,1
50208,19578,2,172,70.0,160,1000,1,1,0,0,1
50227,20442,1,170,70.0,150,1000,1,1,0,0,0
50238,19635,2,171,89.0,140,900,1,1,0,0,0
50475,16874,2,174,86.0,140,1000,2,1,0,1,1
50482,23295,1,169,84.0,180,1100,1,1,0,0,1
50488,19654,1,153,60.0,140,1000,3,3,0,0,1
50764,22428,1,150,79.0,150,1000,3,3,0,0,1
50900,21833,2,165,65.0,120,1000,1,1,0,0,0
51031,20445,2,167,74.0,150,1000,3,1,0,0,1
51219,16095,1,152,75.0,140,1000,1,1,0,0,1
51264,14496,2,177,89.0,180,1100,3,1,0,0,1
51359,19631,2,174,150.0,150,1000,1,1,1,0,1
51438,18784,2,168,65.0,11020,80,1,1,0,0,1
51525,17371,2,173,92.0,140,1000,3,1,0,0,0
51554,19698,1,165,80.0,200,1100,1,1,0,0,0
51572,15581,1,164,78.0,150,1000,1,1,0,0,1
51710,16936,1,172,70.0,140,1000,1,1,0,1,1
51716,20374,1,165,80.0,140,1000,1,1,0,0,1
51724,20454,1,170,86.0,150,1000,1,1,0,0,1
51735,20346,1,177,75.0,150,1000,3,1,0,0,1
52141,18194,2,155,56.0,140,1000,1,1,0,0,1
52227,19714,1,167,55.0,160,1000,1,1,0,0,1
52363,20939,1,159,83.0,140,1008,1,1,0,0,1
52776,19503,2,172,90.0,160,1100,1,1,0,0,1
52834,16751,1,159,63.0,140,1100,1,1,0,0,1
52845,18531,1,148,84.0,160,1000,2,3,0,0,1
52865,22668,1,158,71.0,150,1000,2,2,0,0,1
52894,20472,2,157,53.0,150,1000,1,1,0,0,1
52912,20401,1,164,70.0,125,6800,1,1,0,0,1
52994,15107,1,161,76.0,160,1000,1,1,0,0,1
53008,16616,1,175,70.0,140,1000,3,3,0,0,1
53103,20260,1,166,92.0,170,1000,3,1,0,0,1
53122,22361,2,168,75.0,160,1000,3,3,1,0,1
53170,22425,2,160,80.0,160,1000,3,2,0,0,1
53213,18972,1,170,99.0,140,1000,2,1,0,0,0
53243,16150,1,164,75.0,150,1000,1,1,0,0,1
53370,22583,2,169,74.0,140,1000,2,3,0,0,1
53474,21371,2,167,68.0,140,1000,2,1,0,0,1
53485,23308,1,158,85.0,170,1000,1,1,0,0,1
53577,17521,1,160,108.0,160,1000,1,1,0,0,1
53614,21991,1,170,88.0,160,1000,1,1,0,0,1
53951,18266,1,174,58.0,140,1000,1,1,0,0,1
54077,17220,1,158,62.0,150,1000,1,1,0,0,1
54095,21839,2,169,72.0,150,1000,1,1,0,0,1
54129,18993,2,164,92.0,160,1000,1,1,0,0,1
54173,19647,1,164,102.0,120,809,1,1,0,0,0
54213,23306,1,159,96.0,180,1100,3,3,0,0,1
54308,19880,1,145,55.0,150,1000,1,2,0,0,1
54380,15250,2,168,83.0,150,1000,1,1,0,0,1
54427,20308,2,164,86.0,180,1000,1,1,0,0,1
54446,21600,1,146,89.0,180,1200,1,1,0,0,1
54499,17493,1,152,95.0,190,1000,1,1,0,0,0
54651,15757,1,170,110.0,150,1000,3,2,0,0,1
54771,21010,1,158,90.0,150,1100,1,1,0,0,0
54820,18042,2,163,92.0,160,1100,1,1,0,0,0
54848,15856,1,162,98.0,190,1000,1,1,0,0,1
54885,19419,2,170,84.0,140,1000,1,1,0,0,1
54887,22682,1,155,60.0,150,1000,2,2,0,0,1
54897,18898,1,157,57.0,160,1000,2,2,0,0,1
54903,20503,1,168,72.0,150,1000,1,1,0,0,1
55008,20385,1,151,66.0,160,1000,1,1,0,0,1
55139,19498,2,165,100.0,150,1000,3,1,0,1,1
55176,19653,1,152,72.0,150,1100,1,1,0,0,0
55220,15129,1,161,72.0,140,1000,2,1,1,0,1
55291,20323,1,168,68.0,130,1900,1,1,0,0,1
55391,16722,2,168,75.0,150,1100,1,1,0,0,1
55459,18307,1,152,76.0,13010,80,2,2,0,0,1
55486,18111,1,164,90.0,140,1000,3,1,0,0,1
55777,21220,1,158,87.0,160,1000,3,1,0,0,1
55847,23182,1,161,105.0,13010,80,1,1,0,0,0
55849,22025,1,149,91.0,140,1000,2,2,0,0,0
55883,16698,1,153,85.0,160,1100,1,1,0,0,1
55976,17594,1,153,65.0,150,1000,1,2,0,0,1
56026,18895,1,158,95.0,180,1000,2,1,0,0,1
56093,20991,2,165,63.0,150,1000,1,1,0,0,1
56113,19686,1,172,90.0,190,1100,1,1,0,0,1
56114,21189,1,158,61.0,170,1000,1,2,0,0,1
56124,19670,2,162,89.0,140,1100,3,1,0,0,0
56146,20377,2,163,77.0,160,1000,1,1,0,0,1
56277,22349,2,156,67.0,150,1000,1,1,0,0,0
56501,17060,2,167,86.0,150,1001,2,1,0,0,1
56521,21844,1,170,78.0,150,1000,3,1,0,0,1
56657,18867,1,168,110.0,160,1000,1,1,1,0,1
56893,18135,1,168,105.0,160,1100,1,1,0,0,1
57108,16804,2,166,85.0,150,1101,1,1,0,0,1
57120,18134,1,151,68.0,140,1000,2,2,0,0,1
57220,19097,1,161,70.0,140,910,3,1,0,0,1
57381,23135,1,172,86.0,150,1000,1,1,0,0,1
57385,23389,2,165,77.0,120,1000,1,1,0,0,0
57386,19818,2,166,56.0,150,1000,3,2,1,0,1
57399,18294,1,161,90.0,170,1000,3,1,0,0,1
57459,23150,2,151,62.0,150,1000,1,1,0,0,1
57543,23242,1,159,92.0,170,1000,1,1,0,0,1
57562,19251,1,173,86.0,120,1000,1,1,0,0,1
57681,15803,1,168,65.0,140,1110,1,1,0,0,0
57854,19840,1,159,51.0,150,1000,3,1,0,0,1
57858,18804,2,165,10.0,180,1100,2,2,0,0,1
57942,21733,1,160,60.0,150,1000,1,1,0,0,1
58033,16774,1,160,72.0,150,1000,1,1,0,0,1
58216,19650,1,163,75.0,200,1200,2,2,0,0,1
58244,21709,1,160,90.0,150,1000,2,1,0,0,0
58350,23652,1,169,66.0,160,1000,1,2,0,0,1
58443,15281,2,180,75.0,140,1000,1,1,0,0,1
58451,22409,1,154,70.0,150,1000,3,1,0,0,1
58661,21102,1,156,55.0,180,1100,1,1,0,0,1
58670,21871,1,159,87.0,160,1100,1,1,0,0,1
58768,19704,1,156,59.0,150,1100,1,1,0,0,1
58796,21983,2,152,52.0,150,1000,3,2,0,0,1
58891,21927,2,172,72.0,150,1100,1,1,0,0,1
58952,21278,1,160,58.0,150,1000,1,1,0,0,0
59027,19110,2,162,72.0,170,1000,3,3,1,0,1
59055,16820,1,160,60.0,150,1000,1,1,0,0,1
59155,21739,1,164,100.0,140,1000,2,1,0,0,1
59220,22561,2,169,84.0,190,1000,3,3,0,0,0
59251,19018,2,176,100.0,210,1140,1,1,0,0,1
59274,16119,2,168,75.0,160,1100,1,1,0,0,1
59409,20491,2,164,104.0,150,1100,1,1,0,0,1
59433,23353,1,158,89.0,176,1211,3,2,0,1,1
59449,19245,2,170,65.0,160,1000,1,1,0,0,0
59631,19734,1,168,133.0,165,1000,3,3,1,0,0
59637,17315,1,162,78.0,160,1100,3,1,0,0,1
59670,16889,1,163,82.0,150,1100,1,1,0,0,0
59677,20367,2,170,100.0,160,1000,2,2,0,0,1
59708,17474,1,156,93.0,130,1000,1,1,0,0,1
59823,21689,1,155,67.0,150,1000,3,1,0,0,1
59826,19074,2,171,89.0,180,1200,3,1,0,0,1
59946,22831,1,153,82.0,180,1100,2,1,0,0,1
59982,22687,1,171,106.0,160,1000,2,2,0,0,1
60008,15509,2,169,67.8,140,1100,2,1,0,1,1
60026,23301,2,164,80.0,150,1000,1,1,0,0,0
60118,19626,2,159,55.0,170,1000,2,1,0,0,1
60173,20348,1,164,119.0,180,1000,1,1,0,0,1
60236,21236,1,157,98.0,150,1000,2,2,0,0,0
60334,16636,1,155,90.0,180,1100,1,1,0,0,1
60360,19692,1,165,65.0,150,1000,2,1,0,0,1
60382,19719,1,161,62.0,150,1000,1,1,0,0,1
60399,18812,1,158,123.0,150,1000,2,2,0,0,1
60419,17434,2,183,105.0,150,1000,2,2,0,0,1
60454,20337,1,162,103.0,160,1000,2,2,0,0,1
60505,20661,2,163,82.0,162,1100,1,1,0,0,1
60556,18000,2,178,74.0,170,1000,1,1,0,0,1
60610,18956,2,166,69.0,130,1000,1,1,0,0,1
60739,18850,1,151,69.0,150,1000,1,1,0,0,1
60760,21162,2,169,78.0,150,1000,3,1,0,0,1
60875,18704,1,165,125.0,160,1200,1,1,0,0,0
60894,17353,2,165,74.0,150,1000,1,1,0,0,1
60900,17391,2,176,90.0,170,1100,1,1,0,0,1
60935,21916,1,165,83.0,170,1000,2,2,0,0,1
61157,23351,1,152,66.0,200,1100,2,1,0,0,1
61158,21243,1,160,65.0,141,1000,1,1,0,0,1
61211,20336,1,167,60.0,180,1100,2,1,0,0,1
61340,19579,1,162,64.0,170,1100,1,1,0,0,1
61404,19475,1,160,60.0,140,1000,1,1,0,0,1
61457,23217,1,166,117.0,160,1100,1,1,0,0,1
61582,22088,1,156,67.0,180,1000,1,1,0,0,1
61658,23475,1,171,73.0,150,1000,1,1,0,0,1
61697,18740,1,156,84.0,140,1000,1,1,0,0,1
61754,22584,1,158,76.0,180,1100,1,1,0,0,1
62108,14806,2,176,90.0,140,1000,1,1,0,0,1
62153,21174,1,160,67.0,140,900,2,1,0,0,1
62223,20912,1,160,78.0,160,1000,1,1,0,0,1
62277,21780,1,164,73.0,170,1000,1,1,0,0,1
62367,19731,2,166,85.0,140,1000,1,1,0,0,1
62451,16119,2,174,140.0,180,1100,1,3,0,0,1
62547,20928,2,157,46.0,160,1000,1,1,0,0,1
62587,23515,1,175,65.0,150,1000,1,1,0,0,0
62608,18412,2,170,78.0,151,1100,1,1,1,0,1
62709,18920,1,174,85.0,160,1100,1,1,0,0,1
62798,22404,1,151,78.0,160,1100,3,1,0,0,1
62850,20951,2,175,74.0,145,1000,1,1,1,0,0
62875,22047,1,150,75.0,180,1120,2,2,0,0,0
62925,21742,1,158,107.0,150,1000,1,1,0,0,1
63100,21865,2,178,129.0,140,1110,3,1,0,0,1
63120,21059,1,155,90.0,160,1000,1,1,0,0,1
63121,19473,1,159,61.0,110,8077,1,1,0,0,1
63191,19683,1,158,95.0,150,1000,3,1,0,0,1
63208,21106,1,165,93.0,140,1000,2,1,0,0,1
63288,19871,2,168,74.0,160,1000,2,1,0,1,1
63314,19062,1,165,90.0,160,1100,3,3,0,0,1
63488,21302,1,158,64.0,150,1000,2,2,0,0,1
63761,20483,2,166,81.0,160,1000,2,1,0,0,0
63803,21114,1,166,79.0,140,1000,2,1,0,0,1
63821,16959,2,173,82.0,170,1200,1,2,0,0,1
63841,19417,2,161,75.0,160,1000,1,2,0,0,1
63880,18182,2,186,95.0,100,901,2,2,0,0,1
63908,22651,1,154,100.0,140,1000,2,1,0,0,1
63969,23488,1,160,72.0,160,1000,1,1,0,0,1
64068,20434,2,173,85.0,220,1110,1,1,1,0,1
64131,17444,1,150,82.0,180,1000,2,3,0,0,0
64163,16949,1,160,58.0,120,1000,1,1,0,0,0
64196,16767,1,154,78.0,140,1000,3,1,0,0,1
64236,21168,1,147,113.0,160,1000,1,1,0,0,1
64312,19390,1,150,72.0,125,880,3,1,0,0,1
64334,21968,2,156,60.0,200,1200,1,1,0,0,1
64362,21436,2,158,74.0,180,1000,3,3,0,0,0
64411,23268,1,157,82.0,150,1000,3,1,0,0,1
64452,21300,2,170,67.0,150,1000,1,1,0,0,1
64495,21410,1,156,80.0,160,1000,1,1,0,0,1
64592,19094,1,156,56.0,160,1000,3,3,0,0,1
64853,20912,2,170,100.0,160,1000,2,2,0,0,1
64955,19728,2,162,73.0,150,1000,2,3,0,0,1
65069,15348,2,186,80.0,160,1000,3,2,0,1,1
65082,22688,1,145,33.0,130,1000,2,1,0,0,1
65083,21235,1,160,65.0,180,1000,1,1,0,0,1
65223,20451,2,171,88.0,160,1000,2,1,0,1,1
65266,19101,1,161,127.0,200,1200,3,1,1,0,1
65300,17449,2,180,102.0,170,1000,1,1,1,0,1
65441,14473,1,158,89.0,190,1000,1,1,0,0,0
65648,18348,1,158,78.0,180,1000,1,1,0,0,1
65914,23399,1,155,87.0,160,1200,2,2,0,0,1
65932,18773,1,168,75.0,140,1000,1,1,0,0,1
65961,22003,1,164,95.0,160,1000,1,1,0,0,1
66009,19729,1,153,50.0,150,1000,1,1,0,0,1
66019,21344,1,172,75.0,150,1000,1,1,0,0,1
66070,18992,1,157,60.0,150,1000,1,1,0,0,1
66108,21179,2,173,112.0,220,1400,1,1,0,0,1
66147,16557,2,178,90.0,140,1000,2,2,0,0,1
66278,17257,2,175,97.0,160,1000,3,1,0,0,1
66331,18305,1,155,82.0,140,1000,1,1,0,0,1
66696,20539,2,167,112.0,160,1000,3,1,0,0,1
66732,21958,2,160,80.0,160,1000,1,1,0,0,1
66760,19762,2,167,102.0,160,1000,2,1,1,0,1
66851,22034,2,154,69.0,160,1000,1,1,0,0,1
66881,15857,1,155,77.0,170,1000,2,1,0,0,1
66989,21285,1,158,62.0,150,1000,1,1,0,0,1
67070,18148,1,160,88.0,150,1000,3,1,0,0,1
67095,20171,2,166,101.0,150,1000,1,1,0,0,1
67105,23517,1,164,87.0,160,1000,1,1,0,0,0
67121,16222,2,178,146.0,140,1100,1,1,1,0,1
67162,18469,2,165,68.0,113,5700,1,1,0,0,1
67378,18995,2,175,80.0,150,1000,1,1,0,0,1
67391,22719,2,156,68.0,150,1000,1,1,1,0,1
67420,22560,1,157,73.0,140,1000,1,1,0,1,0
67474,19657,1,161,93.0,160,1200,3,1,0,0,0
67690,16568,1,157,80.0,160,1000,1,1,0,0,1
67816,18815,2,178,79.0,160,1000,3,1,0,0,1
68037,15164,2,161,93.0,170,1100,1,1,0,0,1
68054,23513,1,154,100.0,140,1000,1,1,0,0,0
68216,19840,1,165,82.0,160,1000,1,1,0,0,0
68220,21774,1,166,89.0,140,1000,1,1,0,0,1
68288,23486,2,161,84.0,180,1100,1,1,0,0,1
68453,14324,1,152,75.0,140,1000,1,1,0,0,0
68469,22445,2,178,84.0,190,1000,1,1,1,0,1
68538,19062,1,166,70.0,160,10000,2,1,0,0,1
68669,23290,1,165,68.0,140,1000,1,1,0,0,0
68694,15259,1,161,74.0,160,1000,1,1,0,0,1
68780,20271,2,165,76.0,160,1000,1,1,0,0,1
68821,16748,1,161,65.0,140,1000,2,1,0,0,1
68842,19102,2,172,92.0,140,1000,1,1,0,0,1
68872,19467,2,163,71.0,150,1000,1,1,0,0,1
68917,19783,1,170,82.0,140,1000,1,1,0,0,1
69053,19065,2,186,66.0,140,1000,1,1,0,0,1
69063,18929,2,175,84.0,160,1000,1,1,0,0,0
69162,22656,2,160,98.0,180,1000,1,1,0,0,0
69205,19624,2,170,77.0,160,1000,3,2,0,0,1
69302,21695,1,158,63.0,150,1000,2,1,0,0,1
69480,17314,2,171,93.0,140,1000,3,1,1,0,1
69532,14446,1,160,63.0,160,1000,2,1,0,1,0
69552,22488,2,170,68.0,130,1100,1,1,0,0,1
69631,14674,1,154,90.0,130,1000,2,2,0,0,1
69771,23330,1,167,81.0,160,1000,1,1,0,0,1
69872,21808,1,152,56.0,160,1000,1,1,0,0,1
69878,21239,2,168,95.0,160,1000,1,1,0,0,1
69885,22417,2,166,78.0,170,1000,1,1,0,0,0
69967,21416,2,168,63.0,140,1000,1,1,0,0,1
